1.470000000000000000e+02 1.470000000000000000e+02 1.470000000000000000e+02 1.470000000000000000e+02
1.491309280395507812e+02 2.686539421081542969e+02 7.740159606933593750e+01 5.605551910400390625e+01
1.502762451171875000e+02 2.659217929840087891e+02 7.696932983398437500e+01 5.536268234252929688e+01
1.536170425415039062e+02 2.640224056243896484e+02 7.482328796386718750e+01 5.487440872192382812e+01
1.549785575866699219e+02 2.618503417968750000e+02 7.415216827392578125e+01 5.447564697265625000e+01
1.575721054077148438e+02 2.599455623626708984e+02 7.270503234863281250e+01 5.410950088500976562e+01
1.603818054199218750e+02 2.578570823669433594e+02 7.107958984375000000e+01 5.371398162841796875e+01
1.609558753967285156e+02 2.549249114990234375e+02 7.033940887451171875e+01 5.326959228515625000e+01
1.622789230346679688e+02 2.532673454284667969e+02 6.894325256347656250e+01 5.269803619384765625e+01
1.637921257019042969e+02 2.509614696502685547e+02 6.820351409912109375e+01 5.220955276489257812e+01
1.655246543884277344e+02 2.491654281616210938e+02 6.688980865478515625e+01 5.206571960449218750e+01
1.656105384826660156e+02 2.478512210845947266e+02 6.649480438232421875e+01 5.235715866088867188e+01
1.669753303527832031e+02 2.482854671478271484e+02 6.481710052490234375e+01 5.086352920532226562e+01
1.671381702423095703e+02 2.480739250183105469e+02 6.361228561401367188e+01 5.026879119873046875e+01
1.674934291839599609e+02 2.485618820190429688e+02 6.214877700805664062e+01 4.942651367187500000e+01
1.664039630889892578e+02 2.481684951782226562e+02 6.140282821655273438e+01 4.947602844238281250e+01
1.663290214538574219e+02 2.478462543487548828e+02 6.013637542724609375e+01 4.930056381225585938e+01
1.673598327636718750e+02 2.478860206604003906e+02 5.927595520019531250e+01 4.843138885498046875e+01
1.674861660003662109e+02 2.469416236877441406e+02 5.818063735961914062e+01 4.766022491455078125e+01
1.671755676269531250e+02 2.470446815490722656e+02 5.734294128417968750e+01 4.775392913818359375e+01
1.669810256958007812e+02 2.463812179565429688e+02 5.653198242187500000e+01 4.699688720703125000e+01
1.672849655151367188e+02 2.467547683715820312e+02 5.584017944335937500e+01 4.715269470214843750e+01
1.683684482574462891e+02 2.471700801849365234e+02 5.462060165405273438e+01 4.642801284790039062e+01
1.683260250091552734e+02 2.467547760009765625e+02 5.410118484497070312e+01 4.563835144042968750e+01
1.698379096984863281e+02 2.463703060150146484e+02 5.306833648681640625e+01 4.452301406860351562e+01
1.709474372863769531e+02 2.456294994354248047e+02 5.228012847900390625e+01 4.442442703247070312e+01
1.722172660827636719e+02 2.452547283172607422e+02 5.162068939208984375e+01 4.414197158813476562e+01
1.735037803649902344e+02 2.444089794158935547e+02 5.147913360595703125e+01 4.329066848754882812e+01
1.757913265228271484e+02 2.434517002105712891e+02 5.053056716918945312e+01 4.268970870971679688e+01
1.776055564880371094e+02 2.425688858032226562e+02 4.947705841064453125e+01 4.264196777343750000e+01
1.783918323516845703e+02 2.424954223632812500e+02 4.938222885131835938e+01 4.247161865234375000e+01
1.788427734375000000e+02 2.422592849731445312e+02 4.913180541992187500e+01 4.228802490234375000e+01
1.786345443725585938e+02 2.425655555725097656e+02 4.864939880371093750e+01 4.201705169677734375e+01
1.786151943206787109e+02 2.430760631561279297e+02 4.827136611938476562e+01 4.114839553833007812e+01
1.779434947967529297e+02 2.419300842285156250e+02 4.753592300415039062e+01 4.196890258789062500e+01
1.778654327392578125e+02 2.413157367706298828e+02 4.692697143554687500e+01 4.270682907104492188e+01
1.752983283996582031e+02 2.404857006072998047e+02 4.837689971923828125e+01 4.205195999145507812e+01
1.754750385284423828e+02 2.401114101409912109e+02 4.723637008666992188e+01 4.168626785278320312e+01
1.750027713775634766e+02 2.400660800933837891e+02 4.689373397827148438e+01 4.020016098022460938e+01
1.755727252960205078e+02 2.396354999542236328e+02 4.483549118041992188e+01 3.949515914916992188e+01
1.742575283050537109e+02 2.381478843688964844e+02 4.496294021606445312e+01 3.946898651123046875e+01
1.738814010620117188e+02 2.381054801940917969e+02 4.594378662109375000e+01 3.851418304443359375e+01
1.745665550231933594e+02 2.363811988830566406e+02 4.311199188232421875e+01 3.445468902587890625e+01
1.733243293762207031e+02 2.355477027893066406e+02 4.663758087158203125e+01 3.373433685302734375e+01
1.739306983947753906e+02 2.343800420761108398e+02 4.182660675048828125e+01 2.906918525695800781e+01
1.743251228332519531e+02 2.347318191528320312e+02 4.070255279541015625e+01 2.868472290039062500e+01
1.764663677215576172e+02 2.338803796768188477e+02 4.017126846313476562e+01 2.875343132019042969e+01
1.739341239929199219e+02 2.340694446563720703e+02 4.145561981201171875e+01 2.771760177612304688e+01
1.733341827392578125e+02 2.308459424972534180e+02 4.194023132324218750e+01 2.857290077209472656e+01
1.754649486541748047e+02 2.320342187881469727e+02 4.054584121704101562e+01 2.804179191589355469e+01
1.776061935424804688e+02 2.327996692657470703e+02 3.858277893066406250e+01 2.828028488159179688e+01
1.762783069610595703e+02 2.320646600723266602e+02 3.797831344604492188e+01 2.850454521179199219e+01
1.758973903656005859e+02 2.318475284576416016e+02 3.752447891235351562e+01 2.800768661499023438e+01
1.746081066131591797e+02 2.322039947509765625e+02 3.796570205688476562e+01 2.758459472656250000e+01
1.737802352905273438e+02 2.323722105026245117e+02 3.814460754394531250e+01 2.746012306213378906e+01
1.754868736267089844e+02 2.319450788497924805e+02 3.681691741943359375e+01 2.799547767639160156e+01
1.763842468261718750e+02 2.327352561950683594e+02 3.696661376953125000e+01 2.846431732177734375e+01
1.755569076538085938e+02 2.328675889968872070e+02 3.673960876464843750e+01 2.907027244567871094e+01
1.775382480621337891e+02 2.343214826583862305e+02 3.576783370971679688e+01 2.933616065979003906e+01
1.783705120086669922e+02 2.369136285781860352e+02 3.545218276977539062e+01 2.927111625671386719e+01
1.775902957916259766e+02 2.383405065536499023e+02 3.480183792114257812e+01 2.944478034973144531e+01
1.795578575134277344e+02 2.394542989730834961e+02 3.413230895996093750e+01 3.011047554016113281e+01
1.789122314453125000e+02 2.414733362197875977e+02 3.452846527099609375e+01 3.118261528015136719e+01
1.798655509948730469e+02 2.427387723922729492e+02 3.402828979492187500e+01 3.125557899475097656e+01
1.813805599212646484e+02 2.433834648132324219e+02 3.358974838256835938e+01 3.218625640869140625e+01
1.821749439239501953e+02 2.446193065643310547e+02 3.332822036743164062e+01 3.209875869750976562e+01
1.829055099487304688e+02 2.444608478546142578e+02 3.275220489501953125e+01 3.234391403198242188e+01
1.833303375244140625e+02 2.448920993804931641e+02 3.256752777099609375e+01 3.207126998901367188e+01
1.844658451080322266e+02 2.445043258666992188e+02 3.267361831665039062e+01 3.190356445312500000e+01
1.863768119812011719e+02 2.445789556503295898e+02 3.257205200195312500e+01 3.114714241027832031e+01
1.879126167297363281e+02 2.443385848999023438e+02 3.254278564453125000e+01 3.121916198730468750e+01
1.902164764404296875e+02 2.419858264923095703e+02 3.247260284423828125e+01 3.170962142944335938e+01
1.928979463577270508e+02 2.416297941207885742e+02 3.173879814147949219e+01 3.100140571594238281e+01
1.955634698867797852e+02 2.408051671981811523e+02 3.162871360778808594e+01 3.070450782775878906e+01
1.986496648788452148e+02 2.396389989852905273e+02 3.129271888732910156e+01 3.051378059387207031e+01
2.006991624832153320e+02 2.411347236633300781e+02 3.194842338562011719e+01 2.850578308105468750e+01
-1.000000000000000000e+00 -1.000000000000000000e+00 -1.000000000000000000e+00 -1.000000000000000000e+00
2.053034048080444336e+02 2.412982244491577148e+02 3.054763221740722656e+01 2.754459571838378906e+01
-1.000000000000000000e+00 -1.000000000000000000e+00 -1.000000000000000000e+00 -1.000000000000000000e+00
2.065192909240722656e+02 2.391519060134887695e+02 3.003841400146484375e+01 2.856888389587402344e+01
-1.000000000000000000e+00 -1.000000000000000000e+00 -1.000000000000000000e+00 -1.000000000000000000e+00
-1.000000000000000000e+00 -1.000000000000000000e+00 -1.000000000000000000e+00 -1.000000000000000000e+00
-1.000000000000000000e+00 -1.000000000000000000e+00 -1.000000000000000000e+00 -1.000000000000000000e+00
-1.000000000000000000e+00 -1.000000000000000000e+00 -1.000000000000000000e+00 -1.000000000000000000e+00
-1.000000000000000000e+00 -1.000000000000000000e+00 -1.000000000000000000e+00 -1.000000000000000000e+00
2.074323492050170898e+02 2.381154413223266602e+02 2.706358528137207031e+01 2.662122917175292969e+01
-1.000000000000000000e+00 -1.000000000000000000e+00 -1.000000000000000000e+00 -1.000000000000000000e+00
-1.000000000000000000e+00 -1.000000000000000000e+00 -1.000000000000000000e+00 -1.000000000000000000e+00
-1.000000000000000000e+00 -1.000000000000000000e+00 -1.000000000000000000e+00 -1.000000000000000000e+00
2.029105377197265625e+02 2.371097211837768555e+02 2.878180694580078125e+01 2.270537757873535156e+01
-1.000000000000000000e+00 -1.000000000000000000e+00 -1.000000000000000000e+00 -1.000000000000000000e+00
-1.000000000000000000e+00 -1.000000000000000000e+00 -1.000000000000000000e+00 -1.000000000000000000e+00
2.051538734436035156e+02 2.109777889251708984e+02 5.744737243652343750e+01 4.141550827026367188e+01
-1.000000000000000000e+00 -1.000000000000000000e+00 -1.000000000000000000e+00 -1.000000000000000000e+00
-1.000000000000000000e+00 -1.000000000000000000e+00 -1.000000000000000000e+00 -1.000000000000000000e+00
2.517565078735351562e+02 2.239301052093505859e+02 6.602027130126953125e+01 3.538082504272460938e+01
2.838473625183105469e+02 2.223129043579101562e+02 8.284963989257812500e+01 3.974201202392578125e+01
3.023937301635742188e+02 2.067331790924072266e+02 7.731540679931640625e+01 4.237863540649414062e+01
-1.000000000000000000e+00 -1.000000000000000000e+00 -1.000000000000000000e+00 -1.000000000000000000e+00
3.338282127380371094e+02 2.029762954711914062e+02 4.917080688476562500e+01 3.122063446044921875e+01
3.356100463867187500e+02 2.040742282867431641e+02 4.837027740478515625e+01 2.955781936645507812e+01
-1.000000000000000000e+00 -1.000000000000000000e+00 -1.000000000000000000e+00 -1.000000000000000000e+00
3.273691024780273438e+02 1.910474319458007812e+02 6.461777496337890625e+01 4.665441131591796875e+01
3.306740837097167969e+02 1.911476325988769531e+02 1.210914916992187500e+02 7.090724182128906250e+01
-1.000000000000000000e+00 -1.000000000000000000e+00 -1.000000000000000000e+00 -1.000000000000000000e+00
-1.000000000000000000e+00 -1.000000000000000000e+00 -1.000000000000000000e+00 -1.000000000000000000e+00
-1.000000000000000000e+00 -1.000000000000000000e+00 -1.000000000000000000e+00 -1.000000000000000000e+00
2.103731193542480469e+02 1.947455635070800781e+02 1.870104217529296875e+02 9.034303283691406250e+01
3.101234321594238281e+02 2.273349380493164062e+02 6.480606079101562500e+01 4.105191802978515625e+01
3.245538673400878906e+02 2.235087108612060547e+02 4.997721862792968750e+01 3.941025924682617188e+01
3.173250770568847656e+02 2.205198116302490234e+02 5.673945617675781250e+01 3.953327560424804688e+01
-1.000000000000000000e+00 -1.000000000000000000e+00 -1.000000000000000000e+00 -1.000000000000000000e+00
3.162680206298828125e+02 2.232882061004638672e+02 5.442020416259765625e+01 3.541276168823242188e+01
3.132060585021972656e+02 2.195135593414306641e+02 5.979112243652343750e+01 3.749876785278320312e+01
-1.000000000000000000e+00 -1.000000000000000000e+00 -1.000000000000000000e+00 -1.000000000000000000e+00
3.170641136169433594e+02 2.224692611694335938e+02 6.067085266113281250e+01 3.670175933837890625e+01
-1.000000000000000000e+00 -1.000000000000000000e+00 -1.000000000000000000e+00 -1.000000000000000000e+00
-1.000000000000000000e+00 -1.000000000000000000e+00 -1.000000000000000000e+00 -1.000000000000000000e+00
3.164700660705566406e+02 2.160652065277099609e+02 6.714288330078125000e+01 3.834688949584960938e+01
3.005870552062988281e+02 2.169585704803466797e+02 6.446298217773437500e+01 3.449097824096679688e+01
-1.000000000000000000e+00 -1.000000000000000000e+00 -1.000000000000000000e+00 -1.000000000000000000e+00
2.999428710937500000e+02 2.208172073364257812e+02 4.753972625732421875e+01 3.144271087646484375e+01
-1.000000000000000000e+00 -1.000000000000000000e+00 -1.000000000000000000e+00 -1.000000000000000000e+00
-1.000000000000000000e+00 -1.000000000000000000e+00 -1.000000000000000000e+00 -1.000000000000000000e+00
2.669978065490722656e+02 2.213977699279785156e+02 7.574462890625000000e+01 4.181530761718750000e+01
-1.000000000000000000e+00 -1.000000000000000000e+00 -1.000000000000000000e+00 -1.000000000000000000e+00
2.250610256195068359e+02 2.286883287429809570e+02 3.226082992553710938e+01 2.538091850280761719e+01
-1.000000000000000000e+00 -1.000000000000000000e+00 -1.000000000000000000e+00 -1.000000000000000000e+00
-1.000000000000000000e+00 -1.000000000000000000e+00 -1.000000000000000000e+00 -1.000000000000000000e+00
-1.000000000000000000e+00 -1.000000000000000000e+00 -1.000000000000000000e+00 -1.000000000000000000e+00
2.329543266296386719e+02 2.263142728805541992e+02 2.750650787353515625e+01 2.268972969055175781e+01
-1.000000000000000000e+00 -1.000000000000000000e+00 -1.000000000000000000e+00 -1.000000000000000000e+00
-1.000000000000000000e+00 -1.000000000000000000e+00 -1.000000000000000000e+00 -1.000000000000000000e+00
2.356550121307373047e+02 2.279515790939331055e+02 2.498067855834960938e+01 2.139165687561035156e+01
2.367751617431640625e+02 2.284281797409057617e+02 2.443195343017578125e+01 2.182190132141113281e+01
2.396058921813964844e+02 2.282358751296997070e+02 2.364139556884765625e+01 2.124394035339355469e+01
2.410472831726074219e+02 2.285638227462768555e+02 2.196842193603515625e+01 2.170839881896972656e+01
2.408395938873291016e+02 2.296714611053466797e+02 2.238502120971679688e+01 2.095300674438476562e+01
-1.000000000000000000e+00 -1.000000000000000000e+00 -1.000000000000000000e+00 -1.000000000000000000e+00
2.410358152389526367e+02 2.290452480316162109e+02 2.291430854797363281e+01 2.112994003295898438e+01
2.412411632537841797e+02 2.293562498092651367e+02 2.381543350219726562e+01 2.146025276184082031e+01
-1.000000000000000000e+00 -1.000000000000000000e+00 -1.000000000000000000e+00 -1.000000000000000000e+00
2.404530677795410156e+02 2.290214138031005859e+02 2.444734191894531250e+01 2.115114212036132812e+01
2.406714868545532227e+02 2.285521945953369141e+02 2.420096397399902344e+01 2.239400100708007812e+01
2.428905868530273438e+02 2.284125366210937500e+02 2.138275909423828125e+01 2.217692565917968750e+01
2.437025451660156250e+02 2.269252271652221680e+02 2.270936584472656250e+01 2.280927467346191406e+01
-1.000000000000000000e+00 -1.000000000000000000e+00 -1.000000000000000000e+00 -1.000000000000000000e+00
-1.000000000000000000e+00 -1.000000000000000000e+00 -1.000000000000000000e+00 -1.000000000000000000e+00
2.490746402740478516e+02 2.174804286956787109e+02 3.789624404907226562e+01 3.143819808959960938e+01
-1.000000000000000000e+00 -1.000000000000000000e+00 -1.000000000000000000e+00 -1.000000000000000000e+00
2.502779445648193359e+02 2.105834655761718750e+02 5.601259994506835938e+01 3.863880157470703125e+01
2.491610984802246094e+02 2.127630710601806641e+02 6.758219909667968750e+01 3.901391983032226562e+01
-1.000000000000000000e+00 -1.000000000000000000e+00 -1.000000000000000000e+00 -1.000000000000000000e+00
-1.000000000000000000e+00 -1.000000000000000000e+00 -1.000000000000000000e+00 -1.000000000000000000e+00
2.623409576416015625e+02 2.048653373718261719e+02 9.012793731689453125e+01 4.406402587890625000e+01
-1.000000000000000000e+00 -1.000000000000000000e+00 -1.000000000000000000e+00 -1.000000000000000000e+00
-1.000000000000000000e+00 -1.000000000000000000e+00 -1.000000000000000000e+00 -1.000000000000000000e+00
2.421011009216308594e+02 2.100314483642578125e+02 7.351165771484375000e+01 4.015737152099609375e+01
2.713390274047851562e+02 2.009451618194580078e+02 9.449964141845703125e+01 4.402907180786132812e+01
-1.000000000000000000e+00 -1.000000000000000000e+00 -1.000000000000000000e+00 -1.000000000000000000e+00
2.388162269592285156e+02 2.062481899261474609e+02 9.445852661132812500e+01 4.456690597534179688e+01
-1.000000000000000000e+00 -1.000000000000000000e+00 -1.000000000000000000e+00 -1.000000000000000000e+00
2.259881172180175781e+02 2.081174545288085938e+02 1.159189147949218750e+02 4.455899810791015625e+01
-1.000000000000000000e+00 -1.000000000000000000e+00 -1.000000000000000000e+00 -1.000000000000000000e+00
1.418024635314941406e+02 2.195074729919433594e+02 1.557800140380859375e+02 6.775158691406250000e+01
-1.000000000000000000e+00 -1.000000000000000000e+00 -1.000000000000000000e+00 -1.000000000000000000e+00
-1.000000000000000000e+00 -1.000000000000000000e+00 -1.000000000000000000e+00 -1.000000000000000000e+00
2.247333526611328125e+00 2.315978584289550781e+02 1.741218719482421875e+02 6.128108215332031250e+01
-1.000000000000000000e+00 -1.000000000000000000e+00 -1.000000000000000000e+00 -1.000000000000000000e+00
-1.000000000000000000e+00 -1.000000000000000000e+00 -1.000000000000000000e+00 -1.000000000000000000e+00
3.592816543579098720e+01 2.283250370025634481e+02 1.622132110595703125e+02 5.346203994750979405e+01
1.904247665405270595e+01 2.407165718078613281e+02 1.202908630371093750e+02 8.191407775878906250e+01
-1.000000000000000000e+00 -1.000000000000000000e+00 -1.000000000000000000e+00 -1.000000000000000000e+00
6.129531478881833095e+01 2.124148788452148438e+02 1.792683410644531250e+02 4.983847808837890625e+01
-1.000000000000000000e+00 -1.000000000000000000e+00 -1.000000000000000000e+00 -1.000000000000000000e+00
-1.000000000000000000e+00 -1.000000000000000000e+00 -1.000000000000000000e+00 -1.000000000000000000e+00
1.516158752441405966e+02 2.192873802185058594e+02 7.004863739013671875e+01 4.397076416015625000e+01
1.371828346252440838e+02 2.336866455078125000e+02 7.485197448730468750e+01 4.386084747314453125e+01
-1.000000000000000000e+00 -1.000000000000000000e+00 -1.000000000000000000e+00 -1.000000000000000000e+00
1.374110679626464275e+02 2.241088237762451172e+02 7.471414184570312500e+01 4.764155197143554688e+01
-1.000000000000000000e+00 -1.000000000000000000e+00 -1.000000000000000000e+00 -1.000000000000000000e+00
-1.000000000000000000e+00 -1.000000000000000000e+00 -1.000000000000000000e+00 -1.000000000000000000e+00
-1.000000000000000000e+00 -1.000000000000000000e+00 -1.000000000000000000e+00 -1.000000000000000000e+00
-1.000000000000000000e+00 -1.000000000000000000e+00 -1.000000000000000000e+00 -1.000000000000000000e+00
1.562163524627684978e+02 2.265507431030273438e+02 6.177553939819335938e+01 4.426059722900390625e+01
1.543130741119384197e+02 2.289433574676513672e+02 6.198534011840820312e+01 4.093951034545898438e+01
1.570824775695800213e+02 2.329871292114257812e+02 6.100520324707031250e+01 3.974710845947265625e+01
1.665448417663573650e+02 2.202299327850341797e+02 5.638307189941406250e+01 4.541921615600585938e+01
-1.000000000000000000e+00 -1.000000000000000000e+00 -1.000000000000000000e+00 -1.000000000000000000e+00
-1.000000000000000000e+00 -1.000000000000000000e+00 -1.000000000000000000e+00 -1.000000000000000000e+00
-1.000000000000000000e+00 -1.000000000000000000e+00 -1.000000000000000000e+00 -1.000000000000000000e+00
-1.000000000000000000e+00 -1.000000000000000000e+00 -1.000000000000000000e+00 -1.000000000000000000e+00
1.669900970458983807e+02 2.140581836700439453e+02 7.468900299072265625e+01 3.497746658325195312e+01
-1.000000000000000000e+00 -1.000000000000000000e+00 -1.000000000000000000e+00 -1.000000000000000000e+00
-1.000000000000000000e+00 -1.000000000000000000e+00 -1.000000000000000000e+00 -1.000000000000000000e+00
1.692937927246093182e+02 2.135997428894042969e+02 7.055030059814453125e+01 3.585047912597656250e+01
1.657372665405272869e+02 2.072880516052246094e+02 6.256359100341796875e+01 3.683483886718750000e+01
1.686151046752929119e+02 2.131996860504150391e+02 7.597118377685546875e+01 3.460449600219726562e+01
1.682307319641112713e+02 2.089930000305175781e+02 9.014102172851562500e+01 3.573222351074218750e+01
-1.000000000000000000e+00 -1.000000000000000000e+00 -1.000000000000000000e+00 -1.000000000000000000e+00
1.698132362365722088e+02 2.131333599090576172e+02 9.651060485839843750e+01 3.606827926635742188e+01
1.662070465087890057e+02 2.117689971923828125e+02 8.742101287841796875e+01 3.612863922119140625e+01
1.597175254821776775e+02 2.127234706878662109e+02 6.075959777832031250e+01 3.353716659545898438e+01
-1.000000000000000000e+00 -1.000000000000000000e+00 -1.000000000000000000e+00 -1.000000000000000000e+00
-1.000000000000000000e+00 -1.000000000000000000e+00 -1.000000000000000000e+00 -1.000000000000000000e+00
-1.000000000000000000e+00 -1.000000000000000000e+00 -1.000000000000000000e+00 -1.000000000000000000e+00
1.555932216644286541e+02 2.120559921264648438e+02 5.093410873413085938e+01 3.442591094970703125e+01
1.564326896667479900e+02 2.138174057006835938e+02 8.708050537109375000e+01 4.418076324462890625e+01
2.778447799682616619e+02 2.204456253051757812e+02 2.879798126220703125e+01 2.400769805908203125e+01
2.768244705200194744e+02 2.226950531005859375e+02 2.780548095703125000e+01 2.157525634765625000e+01
2.765433759689330486e+02 2.233125410079956055e+02 2.689380836486816406e+01 2.146168708801269531e+01
2.768600263595580486e+02 2.221436777114868164e+02 2.663566017150878906e+01 2.130593681335449219e+01
2.775697269439696697e+02 2.230452785491943359e+02 2.332347488403320312e+01 2.097507095336914062e+01
2.776551609039306072e+02 2.245686006546020508e+02 2.195780563354492188e+01 2.061610984802246094e+01
2.776012792587279705e+02 2.249338550567626953e+02 2.127202033996582031e+01 2.053971481323242188e+01
2.774323749542235760e+02 2.256673250198364258e+02 2.045496749877929688e+01 2.031445884704589844e+01
2.762528228759765057e+02 2.264015874862670898e+02 1.885816192626953125e+01 2.010768318176269531e+01
2.756035814285277752e+02 2.271754693984985352e+02 1.863644981384277344e+01 2.032860374450683594e+01
2.744695281982421307e+02 2.274809255599975586e+02 1.883439636230468750e+01 1.998617744445800781e+01
2.738296909332274822e+02 2.304686632156372070e+02 1.927080917358398438e+01 2.019962882995605469e+01
