3.220000000000000000e+02 3.220000000000000000e+02 3.220000000000000000e+02 3.220000000000000000e+02
3.276284961700439453e+02 1.302401685714721680e+02 3.792232894897460938e+01 2.499164772033691406e+01
3.336770133972167969e+02 1.283613977432250977e+02 3.570966339111328125e+01 2.390136528015136719e+01
3.375848426818847656e+02 1.273864917755126953e+02 3.541705322265625000e+01 2.362544631958007812e+01
3.412381401062011719e+02 1.272353963851928711e+02 3.542710876464843750e+01 2.348085212707519531e+01
3.433605632781982422e+02 1.275661048889160156e+02 3.509627151489257812e+01 2.343001556396484375e+01
3.455607833862304688e+02 1.272132244110107422e+02 3.484149169921875000e+01 2.382443618774414062e+01
3.446190700531005859e+02 1.264156608581542969e+02 3.509190750122070312e+01 2.527685546875000000e+01
3.429389877319335938e+02 1.274814434051513672e+02 3.521759033203125000e+01 2.426668930053710938e+01
3.420696582794189453e+02 1.301054010391235352e+02 3.625423812866210938e+01 2.528275108337402344e+01
3.426174392700195312e+02 1.356620225906372070e+02 3.664124298095703125e+01 2.643800163269042969e+01
3.418519897460937500e+02 1.419666357040405273e+02 3.520716094970703125e+01 2.611046791076660156e+01
3.408911457061767578e+02 1.453134899139404297e+02 3.548159408569335938e+01 2.550890731811523438e+01
3.335887222290039062e+02 1.420578689575195312e+02 3.378265380859375000e+01 2.525364685058593750e+01
3.342133388519287109e+02 1.395181999206542969e+02 3.342625808715820312e+01 2.543991851806640625e+01
3.395898666381835938e+02 1.412637681961059570e+02 3.276813507080078125e+01 2.369692802429199219e+01
3.424994277954101562e+02 1.397253475189208984e+02 3.231880187988281250e+01 2.296259689331054688e+01
3.465728425979614258e+02 1.358309087753295898e+02 3.182933616638183594e+01 2.300197792053222656e+01
3.474374828338623047e+02 1.324307489395141602e+02 3.242988967895507812e+01 2.292429161071777344e+01
3.471633758544921875e+02 1.306764564514160156e+02 3.246893310546875000e+01 2.396413421630859375e+01
3.493320770263671875e+02 1.312362623214721680e+02 3.350187683105468750e+01 2.414306068420410156e+01
3.227125377655029297e+02 1.369707546234130859e+02 5.959849166870117188e+01 3.638132095336914062e+01
3.520206727981567383e+02 1.325144805908203125e+02 3.113732719421386719e+01 2.164073181152343750e+01
3.539556159973144531e+02 1.324852428436279297e+02 2.903615570068359375e+01 2.245692825317382812e+01
3.552905130386352539e+02 1.318004884719848633e+02 3.026857566833496094e+01 2.207726097106933594e+01
3.569708795547485352e+02 1.306524925231933594e+02 2.994002342224121094e+01 2.191513061523437500e+01
3.585024662017822266e+02 1.305019388198852539e+02 3.102683639526367188e+01 2.232063865661621094e+01
3.589780473709106445e+02 1.292840890884399414e+02 3.025962638854980469e+01 2.127184867858886719e+01
3.602580938339233398e+02 1.297103128433227539e+02 3.073191261291503906e+01 2.233422660827636719e+01
3.639340152740478516e+02 1.306236467361450195e+02 2.978414535522460938e+01 2.187018394470214844e+01
3.665866212844848633e+02 1.304518594741821289e+02 2.970487022399902344e+01 2.095002555847167969e+01
3.708439779281616211e+02 1.319155597686767578e+02 2.810785102844238281e+01 1.993585586547851562e+01
3.725835752487182617e+02 1.352774438858032227e+02 2.964944648742675781e+01 2.049399375915527344e+01
3.772991476058959961e+02 1.364123468399047852e+02 2.828566169738769531e+01 2.078114891052246094e+01
3.801105613708496094e+02 1.385659999847412109e+02 2.870526123046875000e+01 2.041402053833007812e+01
3.880560712814331055e+02 1.402254114151000977e+02 2.617385292053222656e+01 1.945886039733886719e+01
3.936978607177734375e+02 1.405716571807861328e+02 2.659500122070312500e+01 1.982928085327148438e+01
4.008157424926757812e+02 1.394469442367553711e+02 2.665483856201171875e+01 1.899897956848144531e+01
4.079107475280761719e+02 1.380634899139404297e+02 2.696088409423828125e+01 1.912329483032226562e+01
4.163166685104370117e+02 1.378404598236083984e+02 2.599220466613769531e+01 1.906081008911132812e+01
4.108708152770996094e+02 1.458491907119750977e+02 3.636773681640625000e+01 3.079814720153808594e+01
4.224675827026367188e+02 1.385903663635253906e+02 2.642064666748046875e+01 1.809590148925781250e+01
4.139849319458007812e+02 1.462668361663818359e+02 3.858747863769531250e+01 3.299706649780273438e+01
4.256161384582519531e+02 1.376407861709594727e+02 2.932990264892578125e+01 1.922430992126464844e+01
4.089681930541992188e+02 1.215431213378906250e+02 4.637094116210937500e+01 4.495803070068359375e+01
3.711649942398071289e+02 1.319405612945556641e+02 3.163406944274902344e+01 2.154304885864257812e+01
3.719795570373535156e+02 1.276548175811767578e+02 6.414768981933593750e+01 3.543807601928710938e+01
3.539048767089843750e+02 1.389270973205566406e+02 7.851670074462890625e+01 6.923213958740234375e+01
3.477097244262695312e+02 1.498243751525878906e+02 7.195595550537109375e+01 8.748949432373046875e+01
3.545150680541992188e+02 1.339181814193725586e+02 4.203282928466796875e+01 3.123204231262207031e+01
3.577688350677490234e+02 1.310976438522338867e+02 4.299668502807617188e+01 2.706356239318847656e+01
3.521031665802001953e+02 1.315613336563110352e+02 3.880029678344726562e+01 2.245751762390136719e+01
3.548522758483886719e+02 1.383134841918945312e+02 6.430375671386718750e+01 4.011906433105468750e+01
3.428863811492919922e+02 1.320069360733032227e+02 4.535041427612304688e+01 2.717330741882324219e+01
3.430773811340332031e+02 1.290818014144897461e+02 6.443791198730468750e+01 2.667573738098144531e+01
3.320745239257812500e+02 1.329651556015014648e+02 4.548991394042968750e+01 2.534451484680175781e+01
3.277741527557373047e+02 1.338155689239501953e+02 5.432815933227539062e+01 2.389631271362304688e+01
3.197920227050781250e+02 1.400474987030029297e+02 6.635983276367187500e+01 4.137669754028320312e+01
3.052112960815429688e+02 1.425226993560791016e+02 6.530477905273437500e+01 4.973192977905273438e+01
2.964525337219238281e+02 1.464858551025390625e+02 1.011612930297851562e+02 7.440620422363281250e+01
2.816397285461425781e+02 1.672146682739257812e+02 7.526099395751953125e+01 5.133840942382812500e+01
2.693064308166503906e+02 1.689019317626953125e+02 7.519084930419921875e+01 7.505070495605468750e+01
2.742858867645263672e+02 1.471980285644531250e+02 6.057022476196289062e+01 4.745127868652343750e+01
2.768501052856445312e+02 1.329749393463134766e+02 3.679032897949218750e+01 2.458417892456054688e+01
2.750998935699462891e+02 1.279155511856079102e+02 4.193352890014648438e+01 2.264947319030761719e+01
2.774707679748535156e+02 1.398278007507324219e+02 5.180381011962890625e+01 3.623664093017578125e+01
2.663243751525878906e+02 1.341995029449462891e+02 5.474864959716796875e+01 4.281237411499023438e+01
2.568152313232421875e+02 1.511025848388671875e+02 7.148774719238281250e+01 7.198377990722656250e+01
2.528997421264648438e+02 1.408606510162353516e+02 8.096957397460937500e+01 4.340493392944335938e+01
2.465830955505371094e+02 1.744153976440429688e+02 6.299190521240234375e+01 5.874902343750000000e+01
2.506018028259277344e+02 1.391104812622070312e+02 6.819182586669921875e+01 4.179531860351562500e+01
2.487606849670410156e+02 1.378685626983642578e+02 5.482454681396484375e+01 3.293932723999023438e+01
2.470836334228515625e+02 1.410235967636108398e+02 3.247499084472656250e+01 1.953784370422363281e+01
2.344584789276123047e+02 1.418146209716796875e+02 4.331432723999023438e+01 2.414974975585937500e+01
2.417460670471191406e+02 1.418714265823364258e+02 3.708135986328125000e+01 2.269638633728027344e+01
2.440183715820312500e+02 1.489652423858642578e+02 5.794812774658203125e+01 3.737528610229492188e+01
2.437371902465820312e+02 1.708334693908691406e+02 6.777820587158203125e+01 7.889533233642578125e+01
2.324034690856933594e+02 1.446997528076171875e+02 8.113989257812500000e+01 9.069395446777343750e+01
2.345225238800048828e+02 2.007456912994384766e+02 6.191493606567382812e+01 5.423821640014648438e+01
2.385834197998046875e+02 1.954833183288574219e+02 6.156601715087890625e+01 5.770261383056640625e+01
2.399708271026611328e+02 2.120471992492675781e+02 5.432703018188476562e+01 4.567394256591796875e+01
2.419264278411865234e+02 2.013004951477050781e+02 5.815865707397460938e+01 5.900089263916015625e+01
2.447794380187988281e+02 2.094600830078125000e+02 5.427009582519531250e+01 4.885487365722656250e+01
2.456328411102294922e+02 2.003388996124267578e+02 5.982178878784179688e+01 6.054119491577148438e+01
2.437202110290527344e+02 2.258077106475830078e+02 5.502124023437500000e+01 4.556209945678710938e+01
2.503045082092285156e+02 2.248655796051025391e+02 5.193687438964843750e+01 4.826890182495117188e+01
2.538026638031005859e+02 2.254234542846679688e+02 5.124564743041992188e+01 4.907730102539062500e+01
2.574599361419677734e+02 2.251514759063720703e+02 5.020466232299804688e+01 5.085180282592773438e+01
2.588889331817626953e+02 2.095748214721679688e+02 5.658667373657226562e+01 6.698170471191406250e+01
2.608509960174560547e+02 2.411613235473632812e+02 4.997631454467773438e+01 4.283122253417968750e+01
2.651158828735351562e+02 2.003266563415527344e+02 6.245536041259765625e+01 6.880464935302734375e+01
2.675597877502441406e+02 2.089808483123779297e+02 7.479319763183593750e+01 4.986723709106445312e+01
2.872614154815673828e+02 2.099767560958862305e+02 4.539998245239257812e+01 3.109267616271972656e+01
2.747952232360839844e+02 2.118567981719970703e+02 5.526623535156250000e+01 5.778507614135742188e+01
2.616896667480468750e+02 2.084482975006103516e+02 9.348873138427734375e+01 4.761089706420898438e+01
2.606532859802246094e+02 2.479998207092285156e+02 4.948718261718750000e+01 4.049268341064453125e+01
2.625521259307861328e+02 2.448450489044189453e+02 4.330894851684570312e+01 3.502282333374023438e+01
2.573731765747070312e+02 2.382055625915527344e+02 4.384612274169921875e+01 4.415477752685546875e+01
2.558225326538085938e+02 2.339596862792968750e+02 4.805429840087890625e+01 4.457675170898437500e+01
2.489134273529052734e+02 2.389588546752929688e+02 4.881557846069335938e+01 4.431643676757812500e+01
2.485955352783203125e+02 2.200778827667236328e+02 5.995116424560546875e+01 5.508718490600585938e+01
2.397260589599609375e+02 2.144408836364746094e+02 8.299073028564453125e+01 4.965535736083984375e+01
2.388186817169189453e+02 2.176846027374267578e+02 6.087166213989257812e+01 5.764603805541992188e+01
2.395239257812500000e+02 2.089875411987304688e+02 7.673821258544921875e+01 4.065692138671875000e+01
2.354603385925292969e+02 2.118656902313232422e+02 1.031136016845703125e+02 5.110899734497070312e+01
2.374261283874511719e+02 2.240423660278320312e+02 9.982463073730468750e+01 5.343359375000000000e+01
2.530704154968261719e+02 1.867562103271484375e+02 1.322803497314453125e+02 6.810154724121093750e+01
2.268033027648925781e+02 2.231168861389159872e+02 9.585922241210937500e+01 5.415457916259768467e+01
2.413920555114746094e+02 2.025771713256835938e+02 1.269874420166015625e+02 5.141320800781250000e+01
2.902864875793457031e+02 1.971482219696044922e+02 8.901214599609375000e+01 4.029793167114257812e+01
2.648648796081542969e+02 1.977549991607666016e+02 1.121233062744140625e+02 4.609472274780273438e+01
2.173201637268066406e+02 2.097735633850097656e+02 1.153854217529296875e+02 6.309095001220703125e+01
2.152443656921386719e+02 1.979911575317382812e+02 1.119210205078125000e+02 7.650659179687500000e+01
2.055373229980468750e+02 2.053287010192871094e+02 1.178708114624023438e+02 6.773696136474609375e+01
1.965456123352050781e+02 2.126975059509277344e+02 1.188946075439453125e+02 6.582170867919921875e+01
1.814830665588379190e+02 2.234566135406494425e+02 9.265840148925778408e+01 4.947179794311520595e+01
1.950644416809082031e+02 2.099157180786132812e+02 1.088930206298828125e+02 5.924098205566406250e+01
2.041390037536621094e+02 1.758754692077636719e+02 1.220335083007812500e+02 8.606427764892578125e+01
2.101948890686035156e+02 1.994862728118896769e+02 1.114641265869140625e+02 4.564342117309570312e+01
1.946435165405273438e+02 2.049973411560058878e+02 1.145945510864257812e+02 6.204502105712887783e+01
2.069467735290527344e+02 1.945345535278320312e+02 1.415949401855468750e+02 5.030021667480468750e+01
2.198757972717285156e+02 1.920689640045166016e+02 1.347867584228515625e+02 5.453998947143554688e+01
1.974952964782714844e+02 1.881696357727050781e+02 1.570392456054687500e+02 6.362755584716796875e+01
1.853738899230957315e+02 1.859932670593262003e+02 1.315612335205077841e+02 6.219266510009765625e+01
2.069336204528808594e+02 1.974429244995117472e+02 1.099483337402343750e+02 4.726908874511718750e+01
1.934351043701171875e+02 2.026211528778076456e+02 1.187982406616210938e+02 5.113733291625976562e+01
1.932552642822265625e+02 2.070699844360351847e+02 9.963256072998046875e+01 4.207752990722656250e+01
2.014986877441406250e+02 1.996964912414551065e+02 9.207155609130859375e+01 4.124347686767578125e+01
1.926505012512207031e+02 2.008074169158935831e+02 1.068982696533203125e+02 3.710544204711914062e+01
2.312206459045410156e+02 1.978497295379638956e+02 7.582087707519531250e+01 3.487250137329101562e+01
2.540577583312988281e+02 1.971703023910522745e+02 5.209899902343750000e+01 3.019462776184082031e+01
1.979207267761230469e+02 1.838600330352783487e+02 8.702520751953125000e+01 3.800739669799804688e+01
2.061237602233886719e+02 1.912223224639892862e+02 1.033509826660156250e+02 5.044330978393554688e+01
1.947343292236328125e+02 1.907321166992187784e+02 1.162144699096679688e+02 4.567430114746093750e+01
1.866801452636718750e+02 1.920130176544189737e+02 1.130024032592773438e+02 4.014023971557617188e+01
1.866624336242675781e+02 1.805191936492920206e+02 1.134651031494140625e+02 4.696518325805664062e+01
1.957526512145996094e+02 1.870939750671387003e+02 1.096341857910156250e+02 4.638660430908203125e+01
2.027057876586914062e+02 1.792626342773437784e+02 1.047901077270507812e+02 4.381295776367187500e+01
2.075947074890136719e+02 1.857335433959961222e+02 1.019525756835937500e+02 3.935887145996093750e+01
2.118224334716796875e+02 1.796344261169433878e+02 9.603737640380859375e+01 4.240814971923828125e+01
2.437324676513671875e+02 1.871964969635010050e+02 7.175579071044921875e+01 3.616920089721679688e+01
2.159999275207519531e+02 1.821077709197998615e+02 8.675080871582031250e+01 3.961059951782226562e+01
1.915703620910644531e+02 1.872043380737305256e+02 1.067275848388671875e+02 4.657260131835937500e+01
2.015699157714843750e+02 1.879959030151367756e+02 9.450704193115234375e+01 3.648809814453125000e+01
1.901297988891601562e+02 2.022616519927979084e+02 7.701001739501953125e+01 5.409829330444335938e+01
1.976124114990234375e+02 1.896747570037842365e+02 1.196089706420898438e+02 4.375265884399414062e+01
1.923586578369140625e+02 1.871816940307617756e+02 1.221157760620117188e+02 4.678608703613281250e+01
1.794545555114746094e+02 1.849629821777344318e+02 1.325987548828125000e+02 5.074023437500000000e+01
1.846330833435058594e+02 1.769761180877686115e+02 1.494040222167968750e+02 5.624768447875976562e+01
1.940772399902343750e+02 1.915450286865234943e+02 1.154475021362304688e+02 4.517800903320312500e+01
2.042976150512695312e+02 1.864034843444824787e+02 1.006624832153320312e+02 4.283588409423828125e+01
1.981982345581054688e+02 1.847415885925293537e+02 1.078928604125976562e+02 4.441388702392578125e+01
2.031406936645507812e+02 1.901255626678467365e+02 1.078858413696289062e+02 4.299643325805664062e+01
2.158811111450195312e+02 1.900067348480225178e+02 8.245255279541015625e+01 3.687446975708007812e+01
2.180026435852050781e+02 1.879213256835938068e+02 8.712957763671875000e+01 3.981929016113281250e+01
2.060080375671386719e+02 1.887720146179199787e+02 1.136223754882812500e+02 4.059920501708984375e+01
1.750154304504394531e+02 1.842269382476807209e+02 1.336384735107421875e+02 4.329156112670898438e+01
1.866252593994140625e+02 1.944325523376465412e+02 1.012656173706054688e+02 3.596016693115234375e+01
1.785964393615722656e+02 1.908861751556397053e+02 8.303430175781250000e+01 3.374039077758789062e+01
1.640736732482910156e+02 1.923498344421387287e+02 1.100627441406250000e+02 5.810662078857421875e+01
1.323835144042968750e+02 2.076196193695068928e+02 9.374622344970703125e+01 4.274325942993164062e+01
9.269943237304687500e+01 2.105562725067139240e+02 3.552018737792968750e+01 3.360721206665039062e+01
9.363517761230468750e+01 2.083864707946777912e+02 3.049488830566406250e+01 3.510176849365234375e+01
9.748844528198242188e+01 2.082560272216797443e+02 3.232480621337890625e+01 3.369454956054687500e+01
9.963793563842773438e+01 2.070585670471191975e+02 3.242852020263671875e+01 3.367244720458984375e+01
1.026168117523193359e+02 2.081625099182129475e+02 3.360933303833007812e+01 3.290122222900390625e+01
1.057120285034179688e+02 2.077116146087647053e+02 3.062925720214843750e+01 3.320605850219726562e+01
1.094255094528198242e+02 2.077348480224609943e+02 3.081359291076660156e+01 3.220027923583984375e+01
1.118751153945922852e+02 2.065434074401856037e+02 2.975422477722167969e+01 3.236820220947265625e+01
1.150923309326171875e+02 2.070987548828125568e+02 2.944583129882812500e+01 3.167738342285156250e+01
1.173049650192260742e+02 2.066270217895508381e+02 3.110685157775878906e+01 3.205987548828125000e+01
1.192326269149780273e+02 2.064012260437012287e+02 2.923338508605957031e+01 3.211520385742187500e+01
1.208540983200073242e+02 2.060385723114014240e+02 3.146283912658691406e+01 3.166051101684570312e+01
1.205271396636962891e+02 2.076729850769043537e+02 2.876711654663085938e+01 3.091405487060546875e+01
1.225634241104125977e+02 2.070244073867798420e+02 2.801397514343261719e+01 3.088984489440917969e+01
1.225723628997802734e+02 2.087326860427857014e+02 2.816111373901367188e+01 2.947149467468261719e+01
1.229096279144287109e+02 2.089593820571899982e+02 2.817457962036132812e+01 2.903645133972167969e+01
1.249467029571533203e+02 2.078672380447388264e+02 2.850703811645507812e+01 2.944846916198730469e+01
1.253703289031982422e+02 2.075470685958862873e+02 2.525696945190429688e+01 2.778850746154785156e+01
1.259256229400634766e+02 2.072773418426514240e+02 2.866100692749023438e+01 3.243418502807617188e+01
1.286553916931152344e+02 2.090107755661011311e+02 3.284061431884765625e+01 3.007793617248535156e+01
1.285051097869873047e+02 2.089879455566406818e+02 3.698282241821289062e+01 3.474061584472656250e+01
1.205328369140625000e+02 2.228221111297607990e+02 3.525506591796875000e+01 4.153027725219726562e+01
1.206906528472900391e+02 2.085922298431397053e+02 4.813239669799804688e+01 3.664562606811523438e+01
1.062009181976318359e+02 2.104075393676758381e+02 6.354843521118164062e+01 4.589980316162109375e+01
1.240097446441650391e+02 2.063856182098389240e+02 4.606261825561523438e+01 3.184301376342773438e+01
1.269523334503173828e+02 2.064298715591431232e+02 3.931658554077148438e+01 2.990947532653808594e+01
1.210570049285888672e+02 2.072073812484741779e+02 4.333427810668945312e+01 2.767572975158691406e+01
1.306152133941650391e+02 2.066396188735962482e+02 3.497063827514648438e+01 2.758456993103027344e+01
1.329545574188232422e+02 2.082150812149048420e+02 3.246883773803710938e+01 2.800058555603027344e+01
1.386511745452880859e+02 2.069520893096924397e+02 3.022475814819335938e+01 2.827840805053710938e+01
1.385809059143066406e+02 2.066213493347168537e+02 3.296553039550781250e+01 2.771855926513671875e+01
1.411828460693359375e+02 2.070239667892456623e+02 2.880769348144531250e+01 2.801532936096191406e+01
1.404019804000854492e+02 2.074975442886353107e+02 3.035489082336425781e+01 2.855502128601074219e+01
