3.730000000000000000e+02 3.730000000000000000e+02 3.730000000000000000e+02 3.730000000000000000e+02
3.767974700927734375e+02 2.939518089294433594e+02 1.164229736328125000e+02 6.369974517822265625e+01
3.801095161437988281e+02 2.934899444580078125e+02 1.146562728881835938e+02 6.363790893554687500e+01
3.833637580871582031e+02 2.926921901702880859e+02 1.146788558959960938e+02 6.368730545043945312e+01
3.871400337219238281e+02 2.908448600769042969e+02 1.130330123901367188e+02 6.350843048095703125e+01
3.902420692443847656e+02 2.912421970367431641e+02 1.124207992553710938e+02 6.336503219604492188e+01
-1.000000000000000000e+00 -1.000000000000000000e+00 -1.000000000000000000e+00 -1.000000000000000000e+00
3.972816772460937500e+02 2.894062786102294922e+02 1.099413146972656250e+02 6.175491714477539062e+01
3.998138351440429688e+02 2.893826980590820312e+02 1.091383209228515625e+02 6.094071960449218750e+01
-1.000000000000000000e+00 -1.000000000000000000e+00 -1.000000000000000000e+00 -1.000000000000000000e+00
4.055079231262207031e+02 2.876133136749267578e+02 1.071432113647460938e+02 6.069735336303710938e+01
4.079952278137207031e+02 2.872901973724365234e+02 1.074340744018554688e+02 6.042448806762695312e+01
4.120748481750488281e+02 2.859108829498291016e+02 1.052481307983398438e+02 6.022098922729492188e+01
-1.000000000000000000e+00 -1.000000000000000000e+00 -1.000000000000000000e+00 -1.000000000000000000e+00
4.178358345031738281e+02 2.842454319000244141e+02 1.031463241577148438e+02 5.968113327026367188e+01
-1.000000000000000000e+00 -1.000000000000000000e+00 -1.000000000000000000e+00 -1.000000000000000000e+00
-1.000000000000000000e+00 -1.000000000000000000e+00 -1.000000000000000000e+00 -1.000000000000000000e+00
-1.000000000000000000e+00 -1.000000000000000000e+00 -1.000000000000000000e+00 -1.000000000000000000e+00
-1.000000000000000000e+00 -1.000000000000000000e+00 -1.000000000000000000e+00 -1.000000000000000000e+00
4.319495010375976562e+02 2.812203712463378906e+02 9.868379211425781250e+01 5.843032073974609375e+01
4.348570861816406250e+02 2.808039054870605469e+02 9.778244018554687500e+01 5.760584259033203125e+01
-1.000000000000000000e+00 -1.000000000000000000e+00 -1.000000000000000000e+00 -1.000000000000000000e+00
4.394071846008300781e+02 2.791813411712646484e+02 9.662532806396484375e+01 5.714448928833007812e+01
4.416102294921875000e+02 2.778059368133544922e+02 9.571481323242187500e+01 5.700809097290039062e+01
-1.000000000000000000e+00 -1.000000000000000000e+00 -1.000000000000000000e+00 -1.000000000000000000e+00
-1.000000000000000000e+00 -1.000000000000000000e+00 -1.000000000000000000e+00 -1.000000000000000000e+00
-1.000000000000000000e+00 -1.000000000000000000e+00 -1.000000000000000000e+00 -1.000000000000000000e+00
-1.000000000000000000e+00 -1.000000000000000000e+00 -1.000000000000000000e+00 -1.000000000000000000e+00
4.545538787841796875e+02 2.751659545898437500e+02 9.175033569335937500e+01 5.652239990234375000e+01
-1.000000000000000000e+00 -1.000000000000000000e+00 -1.000000000000000000e+00 -1.000000000000000000e+00
4.593349761962890625e+02 2.726536521911621094e+02 8.948440551757812500e+01 5.689289093017578125e+01
4.614889144897460938e+02 2.723950462341308594e+02 8.915141296386718750e+01 5.632880401611328125e+01
-1.000000000000000000e+00 -1.000000000000000000e+00 -1.000000000000000000e+00 -1.000000000000000000e+00
-1.000000000000000000e+00 -1.000000000000000000e+00 -1.000000000000000000e+00 -1.000000000000000000e+00
4.672771453857421875e+02 2.692858180999755859e+02 8.840631103515625000e+01 5.665214920043945312e+01
-1.000000000000000000e+00 -1.000000000000000000e+00 -1.000000000000000000e+00 -1.000000000000000000e+00
-1.000000000000000000e+00 -1.000000000000000000e+00 -1.000000000000000000e+00 -1.000000000000000000e+00
-1.000000000000000000e+00 -1.000000000000000000e+00 -1.000000000000000000e+00 -1.000000000000000000e+00
-1.000000000000000000e+00 -1.000000000000000000e+00 -1.000000000000000000e+00 -1.000000000000000000e+00
-1.000000000000000000e+00 -1.000000000000000000e+00 -1.000000000000000000e+00 -1.000000000000000000e+00
-1.000000000000000000e+00 -1.000000000000000000e+00 -1.000000000000000000e+00 -1.000000000000000000e+00
-1.000000000000000000e+00 -1.000000000000000000e+00 -1.000000000000000000e+00 -1.000000000000000000e+00
4.844017448425292969e+02 2.640100593566894531e+02 8.169742584228515625e+01 5.615370941162109375e+01
-1.000000000000000000e+00 -1.000000000000000000e+00 -1.000000000000000000e+00 -1.000000000000000000e+00
4.876105880737304688e+02 2.627141361236572266e+02 8.008949279785156250e+01 5.434983444213867188e+01
4.898640632629394531e+02 2.628363342285156250e+02 7.866436004638671875e+01 5.333248901367187500e+01
-1.000000000000000000e+00 -1.000000000000000000e+00 -1.000000000000000000e+00 -1.000000000000000000e+00
4.931259536743164062e+02 2.609566211700439453e+02 7.779066467285156250e+01 5.279059982299804688e+01
4.940384941101074219e+02 2.610276679992675781e+02 7.844355010986328125e+01 5.221475982666015625e+01
-1.000000000000000000e+00 -1.000000000000000000e+00 -1.000000000000000000e+00 -1.000000000000000000e+00
4.979686698913574219e+02 2.603669757843017578e+02 7.640714263916015625e+01 5.164248275756835938e+01
-1.000000000000000000e+00 -1.000000000000000000e+00 -1.000000000000000000e+00 -1.000000000000000000e+00
-1.000000000000000000e+00 -1.000000000000000000e+00 -1.000000000000000000e+00 -1.000000000000000000e+00
-1.000000000000000000e+00 -1.000000000000000000e+00 -1.000000000000000000e+00 -1.000000000000000000e+00
-1.000000000000000000e+00 -1.000000000000000000e+00 -1.000000000000000000e+00 -1.000000000000000000e+00
-1.000000000000000000e+00 -1.000000000000000000e+00 -1.000000000000000000e+00 -1.000000000000000000e+00
5.062955055236816406e+02 2.555918655395507812e+02 7.312856292724609375e+01 5.248052978515625000e+01
5.073957290649414062e+02 2.547304000854492188e+02 7.217359924316406250e+01 5.258540344238281250e+01
5.089751243591308594e+02 2.542493667602539062e+02 7.156017303466796875e+01 5.192497253417968750e+01
5.094108543395996094e+02 2.536271820068359375e+02 7.108144378662109375e+01 5.284330749511718750e+01
-1.000000000000000000e+00 -1.000000000000000000e+00 -1.000000000000000000e+00 -1.000000000000000000e+00
5.127750396728515625e+02 2.519171619415283203e+02 6.987709045410156250e+01 5.309730148315429688e+01
5.131592025756835938e+02 2.517429828643798828e+02 6.896475219726562500e+01 5.274335861206054688e+01
5.138741264343261719e+02 2.518644218444824219e+02 6.867977142333984375e+01 5.143912506103515625e+01
5.165287017822265625e+02 2.506847152709960938e+02 6.677925109863281250e+01 5.133193969726562500e+01
-1.000000000000000000e+00 -1.000000000000000000e+00 -1.000000000000000000e+00 -1.000000000000000000e+00
-1.000000000000000000e+00 -1.000000000000000000e+00 -1.000000000000000000e+00 -1.000000000000000000e+00
-1.000000000000000000e+00 -1.000000000000000000e+00 -1.000000000000000000e+00 -1.000000000000000000e+00
5.208822708129882812e+02 2.474940872192382812e+02 6.470143127441406250e+01 5.168368530273437500e+01
-1.000000000000000000e+00 -1.000000000000000000e+00 -1.000000000000000000e+00 -1.000000000000000000e+00
5.219209575653076172e+02 2.470227508544921875e+02 6.327814102172851562e+01 5.068112182617187500e+01
-1.000000000000000000e+00 -1.000000000000000000e+00 -1.000000000000000000e+00 -1.000000000000000000e+00
5.223742980957031250e+02 2.460163555145263672e+02 6.252626037597656250e+01 4.995378494262695312e+01
5.246372928619384766e+02 2.468161392211914062e+02 5.973580551147460938e+01 4.760012817382812500e+01
-1.000000000000000000e+00 -1.000000000000000000e+00 -1.000000000000000000e+00 -1.000000000000000000e+00
-1.000000000000000000e+00 -1.000000000000000000e+00 -1.000000000000000000e+00 -1.000000000000000000e+00
4.720163574218750000e+02 2.452088279724121094e+02 1.293728332519531250e+02 7.702867889404296875e+01
4.083065071105957031e+02 2.748774147033691406e+02 1.072103195190429688e+02 6.570822906494140625e+01
4.126819839477539062e+02 2.743488235473632812e+02 1.052636260986328125e+02 6.514376831054687500e+01
-1.000000000000000000e+00 -1.000000000000000000e+00 -1.000000000000000000e+00 -1.000000000000000000e+00
-1.000000000000000000e+00 -1.000000000000000000e+00 -1.000000000000000000e+00 -1.000000000000000000e+00
4.226233711242675781e+02 2.726041336059570312e+02 1.004201889038085938e+02 6.360089111328125000e+01
-1.000000000000000000e+00 -1.000000000000000000e+00 -1.000000000000000000e+00 -1.000000000000000000e+00
4.272966194152832031e+02 2.717702770233154297e+02 1.000906295776367188e+02 6.323176956176757812e+01
4.299286537170410156e+02 2.701719436645507812e+02 9.911513519287109375e+01 6.303033447265625000e+01
-1.000000000000000000e+00 -1.000000000000000000e+00 -1.000000000000000000e+00 -1.000000000000000000e+00
-1.000000000000000000e+00 -1.000000000000000000e+00 -1.000000000000000000e+00 -1.000000000000000000e+00
4.382707748413085938e+02 2.687144985198974609e+02 9.601875305175781250e+01 6.218637466430664062e+01
4.405298690795898438e+02 2.676679058074951172e+02 9.523100280761718750e+01 6.205095291137695312e+01
4.427830314636230469e+02 2.665944156646728516e+02 9.449414825439453125e+01 6.221059799194335938e+01
4.450617752075195312e+02 2.667244091033935547e+02 9.351811218261718750e+01 6.160487747192382812e+01
4.475178298950195312e+02 2.649467048645019531e+02 9.276005554199218750e+01 6.114289093017578125e+01
4.495404319763183594e+02 2.643463058471679688e+02 9.219904327392578125e+01 6.127853393554687500e+01
-1.000000000000000000e+00 -1.000000000000000000e+00 -1.000000000000000000e+00 -1.000000000000000000e+00
4.543908653259277344e+02 2.623520927429199219e+02 9.161389923095703125e+01 6.203350067138671875e+01
-1.000000000000000000e+00 -1.000000000000000000e+00 -1.000000000000000000e+00 -1.000000000000000000e+00
-1.000000000000000000e+00 -1.000000000000000000e+00 -1.000000000000000000e+00 -1.000000000000000000e+00
-1.000000000000000000e+00 -1.000000000000000000e+00 -1.000000000000000000e+00 -1.000000000000000000e+00
4.622630081176757812e+02 2.472666168212890625e+02 9.189149475097656250e+01 7.273951721191406250e+01
-1.000000000000000000e+00 -1.000000000000000000e+00 -1.000000000000000000e+00 -1.000000000000000000e+00
-1.000000000000000000e+00 -1.000000000000000000e+00 -1.000000000000000000e+00 -1.000000000000000000e+00
4.698353843688964844e+02 2.441727485656738281e+02 8.348828887939453125e+01 6.899134063720703125e+01
4.701003341674804688e+02 2.560282020568847656e+02 8.235981750488281250e+01 6.110340118408203125e+01
-1.000000000000000000e+00 -1.000000000000000000e+00 -1.000000000000000000e+00 -1.000000000000000000e+00
4.635504760742187500e+02 1.965879287719726562e+02 9.770669555664062500e+01 1.113124542236328125e+02
-1.000000000000000000e+00 -1.000000000000000000e+00 -1.000000000000000000e+00 -1.000000000000000000e+00
3.722552032470703125e+02 2.088437652587890625e+02 2.720276184082031250e+02 1.760735168457031250e+02
-1.000000000000000000e+00 -1.000000000000000000e+00 -1.000000000000000000e+00 -1.000000000000000000e+00
-1.000000000000000000e+00 -1.000000000000000000e+00 -1.000000000000000000e+00 -1.000000000000000000e+00
2.819377212524414062e+02 3.117510299682617188e+02 1.291953582763671875e+02 6.511408996582031250e+01
2.885625762939453125e+02 3.132092285156250000e+02 1.292654724121093750e+02 6.092205810546875000e+01
-1.000000000000000000e+00 -1.000000000000000000e+00 -1.000000000000000000e+00 -1.000000000000000000e+00
-1.000000000000000000e+00 -1.000000000000000000e+00 -1.000000000000000000e+00 -1.000000000000000000e+00
3.039052276611328125e+02 3.101812515258789062e+02 1.265763549804687500e+02 6.046534729003906250e+01
-1.000000000000000000e+00 -1.000000000000000000e+00 -1.000000000000000000e+00 -1.000000000000000000e+00
-1.000000000000000000e+00 -1.000000000000000000e+00 -1.000000000000000000e+00 -1.000000000000000000e+00
3.204241294860839844e+02 3.069105014801025391e+02 1.230558547973632812e+02 6.029151535034179688e+01
3.257649154663085938e+02 3.046360778808593750e+02 1.218366546630859375e+02 5.999877929687500000e+01
-1.000000000000000000e+00 -1.000000000000000000e+00 -1.000000000000000000e+00 -1.000000000000000000e+00
3.348068084716796875e+02 3.025037212371826172e+02 1.189024658203125000e+02 5.911108779907226562e+01
-1.000000000000000000e+00 -1.000000000000000000e+00 -1.000000000000000000e+00 -1.000000000000000000e+00
-1.000000000000000000e+00 -1.000000000000000000e+00 -1.000000000000000000e+00 -1.000000000000000000e+00
-1.000000000000000000e+00 -1.000000000000000000e+00 -1.000000000000000000e+00 -1.000000000000000000e+00
3.557338333129882812e+02 2.997089614868164062e+02 1.138818206787109375e+02 5.724000549316406250e+01
3.599866752624511719e+02 2.976815090179443359e+02 1.131438674926757812e+02 5.779014968872070312e+01
3.634251823425292969e+02 2.961303234100341797e+02 1.119016494750976562e+02 5.801391983032226562e+01
-1.000000000000000000e+00 -1.000000000000000000e+00 -1.000000000000000000e+00 -1.000000000000000000e+00
3.730131187438964844e+02 2.941636714935302734e+02 1.093645706176757812e+02 5.685054397583007812e+01
3.767633171081542969e+02 2.930778827667236328e+02 1.088384170532226562e+02 5.683282089233398438e+01
-1.000000000000000000e+00 -1.000000000000000000e+00 -1.000000000000000000e+00 -1.000000000000000000e+00
-1.000000000000000000e+00 -1.000000000000000000e+00 -1.000000000000000000e+00 -1.000000000000000000e+00
-1.000000000000000000e+00 -1.000000000000000000e+00 -1.000000000000000000e+00 -1.000000000000000000e+00
-1.000000000000000000e+00 -1.000000000000000000e+00 -1.000000000000000000e+00 -1.000000000000000000e+00
-1.000000000000000000e+00 -1.000000000000000000e+00 -1.000000000000000000e+00 -1.000000000000000000e+00
-1.000000000000000000e+00 -1.000000000000000000e+00 -1.000000000000000000e+00 -1.000000000000000000e+00
4.059583625793457031e+02 2.864561080932617188e+02 9.976439666748046875e+01 5.545793151855468750e+01
4.102112846374511719e+02 2.852884674072265625e+02 9.758774566650390625e+01 5.494168090820312500e+01
4.134995689392089844e+02 2.847441635131835938e+02 9.726575469970703125e+01 5.457365417480468750e+01
-1.000000000000000000e+00 -1.000000000000000000e+00 -1.000000000000000000e+00 -1.000000000000000000e+00
-1.000000000000000000e+00 -1.000000000000000000e+00 -1.000000000000000000e+00 -1.000000000000000000e+00
-1.000000000000000000e+00 -1.000000000000000000e+00 -1.000000000000000000e+00 -1.000000000000000000e+00
4.270162734985351562e+02 2.807644500732421875e+02 9.426493835449218750e+01 5.425387573242187500e+01
-1.000000000000000000e+00 -1.000000000000000000e+00 -1.000000000000000000e+00 -1.000000000000000000e+00
4.354451103210449219e+02 2.790131149291992188e+02 8.810327911376953125e+01 5.495112609863281250e+01
4.385347671508789062e+02 2.780298824310302734e+02 8.756349182128906250e+01 5.368083572387695312e+01
4.420224266052246094e+02 2.767001686096191406e+02 8.570273590087890625e+01 5.414022064208984375e+01
-1.000000000000000000e+00 -1.000000000000000000e+00 -1.000000000000000000e+00 -1.000000000000000000e+00
4.475752067565917969e+02 2.757083511352539062e+02 8.569791412353515625e+01 5.335044860839843750e+01
4.501432914733886719e+02 2.739233055114746094e+02 8.355063629150390625e+01 5.376313018798828125e+01
4.532680435180664062e+02 2.736965045928955078e+02 8.324653625488281250e+01 5.347243881225585938e+01
4.558407478332519531e+02 2.726260890960693359e+02 8.261525726318359375e+01 5.349940872192382812e+01
-1.000000000000000000e+00 -1.000000000000000000e+00 -1.000000000000000000e+00 -1.000000000000000000e+00
-1.000000000000000000e+00 -1.000000000000000000e+00 -1.000000000000000000e+00 -1.000000000000000000e+00
4.631147842407226562e+02 2.700770950317382812e+02 7.827464294433593750e+01 5.309672546386718750e+01
-1.000000000000000000e+00 -1.000000000000000000e+00 -1.000000000000000000e+00 -1.000000000000000000e+00
4.671148414611816406e+02 2.673463954925537109e+02 7.753337860107421875e+01 5.273001480102539062e+01
4.698997268676757812e+02 2.664565563201904297e+02 7.623249816894531250e+01 5.261436843872070312e+01
4.716574096679687500e+02 2.658508262634277344e+02 7.600463867187500000e+01 5.260451507568359375e+01
-1.000000000000000000e+00 -1.000000000000000000e+00 -1.000000000000000000e+00 -1.000000000000000000e+00
4.741075706481933594e+02 2.588022403717041016e+02 7.628852081298828125e+01 5.891006088256835938e+01
4.736228408813476562e+02 2.467332649230957031e+02 7.577638244628906250e+01 7.202530670166015625e+01
4.682985115051269531e+02 2.166735496520996094e+02 8.075267791748046875e+01 8.479341888427734375e+01
-1.000000000000000000e+00 -1.000000000000000000e+00 -1.000000000000000000e+00 -1.000000000000000000e+00
4.644506168365478516e+02 2.051765518188476562e+02 5.766022872924804688e+01 4.034722900390625000e+01
4.617919502258300781e+02 2.061560688018798828e+02 6.368634796142578125e+01 4.144999313354492188e+01
4.586217384338378906e+02 2.049393978118896484e+02 6.413785552978515625e+01 4.142944717407226562e+01
-1.000000000000000000e+00 -1.000000000000000000e+00 -1.000000000000000000e+00 -1.000000000000000000e+00
-1.000000000000000000e+00 -1.000000000000000000e+00 -1.000000000000000000e+00 -1.000000000000000000e+00
-1.000000000000000000e+00 -1.000000000000000000e+00 -1.000000000000000000e+00 -1.000000000000000000e+00
-1.000000000000000000e+00 -1.000000000000000000e+00 -1.000000000000000000e+00 -1.000000000000000000e+00
4.475427093505859375e+02 2.033015441894531250e+02 6.714591979980468750e+01 4.276475524902343750e+01
-1.000000000000000000e+00 -1.000000000000000000e+00 -1.000000000000000000e+00 -1.000000000000000000e+00
-1.000000000000000000e+00 -1.000000000000000000e+00 -1.000000000000000000e+00 -1.000000000000000000e+00
-1.000000000000000000e+00 -1.000000000000000000e+00 -1.000000000000000000e+00 -1.000000000000000000e+00
4.420122261047363281e+02 2.025577869415283203e+02 6.853620147705078125e+01 4.326774215698242188e+01
-1.000000000000000000e+00 -1.000000000000000000e+00 -1.000000000000000000e+00 -1.000000000000000000e+00
4.369435234069824219e+02 2.015748596191406250e+02 6.557320404052734375e+01 4.166697692871093750e+01
-1.000000000000000000e+00 -1.000000000000000000e+00 -1.000000000000000000e+00 -1.000000000000000000e+00
4.277816658020019531e+02 2.018323783874511719e+02 7.999936676025390625e+01 4.410819244384765625e+01
-1.000000000000000000e+00 -1.000000000000000000e+00 -1.000000000000000000e+00 -1.000000000000000000e+00
4.006762008666992188e+02 1.648669738769531250e+02 1.423803100585937500e+02 1.063603668212890625e+02
-1.000000000000000000e+00 -1.000000000000000000e+00 -1.000000000000000000e+00 -1.000000000000000000e+00
3.376501808166503906e+02 2.886098060607910156e+02 9.654779815673828125e+01 5.520728302001953125e+01
-1.000000000000000000e+00 -1.000000000000000000e+00 -1.000000000000000000e+00 -1.000000000000000000e+00
-1.000000000000000000e+00 -1.000000000000000000e+00 -1.000000000000000000e+00 -1.000000000000000000e+00
3.516359367370605469e+02 2.850329532623291016e+02 9.410515594482421875e+01 5.462273788452148438e+01
-1.000000000000000000e+00 -1.000000000000000000e+00 -1.000000000000000000e+00 -1.000000000000000000e+00
-1.000000000000000000e+00 -1.000000000000000000e+00 -1.000000000000000000e+00 -1.000000000000000000e+00
3.634007568359375000e+02 2.819449787139892578e+02 9.113301086425781250e+01 5.402167892456054688e+01
3.641693611145019531e+02 2.829340991973876953e+02 8.946949005126953125e+01 5.311930465698242188e+01
3.708978576660156250e+02 2.798504619598388672e+02 8.964421081542968750e+01 5.455672073364257812e+01
-1.000000000000000000e+00 -1.000000000000000000e+00 -1.000000000000000000e+00 -1.000000000000000000e+00
-1.000000000000000000e+00 -1.000000000000000000e+00 -1.000000000000000000e+00 -1.000000000000000000e+00
-1.000000000000000000e+00 -1.000000000000000000e+00 -1.000000000000000000e+00 -1.000000000000000000e+00
-1.000000000000000000e+00 -1.000000000000000000e+00 -1.000000000000000000e+00 -1.000000000000000000e+00
3.887262268066406250e+02 2.748555889129638672e+02 8.414970397949218750e+01 5.376497268676757812e+01
-1.000000000000000000e+00 -1.000000000000000000e+00 -1.000000000000000000e+00 -1.000000000000000000e+00
3.955171585083007812e+02 2.731227054595947266e+02 8.115390014648437500e+01 5.292779159545898438e+01
3.981266250610351562e+02 2.717343883514404297e+02 8.092803955078125000e+01 5.295274734497070312e+01
-1.000000000000000000e+00 -1.000000000000000000e+00 -1.000000000000000000e+00 -1.000000000000000000e+00
-1.000000000000000000e+00 -1.000000000000000000e+00 -1.000000000000000000e+00 -1.000000000000000000e+00
-1.000000000000000000e+00 -1.000000000000000000e+00 -1.000000000000000000e+00 -1.000000000000000000e+00
4.101725654602050781e+02 2.674121475219726562e+02 7.858597564697265625e+01 5.288969421386718750e+01
-1.000000000000000000e+00 -1.000000000000000000e+00 -1.000000000000000000e+00 -1.000000000000000000e+00
4.160917320251464844e+02 2.658227138519287109e+02 7.714900970458984375e+01 5.214748001098632812e+01
4.089894828796386719e+02 2.494875373840332031e+02 9.347304534912109375e+01 6.626010894775390625e+01
-1.000000000000000000e+00 -1.000000000000000000e+00 -1.000000000000000000e+00 -1.000000000000000000e+00
-1.000000000000000000e+00 -1.000000000000000000e+00 -1.000000000000000000e+00 -1.000000000000000000e+00
4.239034614562988281e+02 2.480698070526123047e+02 8.079245758056640625e+01 6.339601516723632812e+01
-1.000000000000000000e+00 -1.000000000000000000e+00 -1.000000000000000000e+00 -1.000000000000000000e+00
4.304696960449218750e+02 2.586057014465332031e+02 7.306944274902343750e+01 5.265802764892578125e+01
4.509237213134765625e+02 2.058353729248046875e+02 6.507313537597656250e+01 4.399092102050781250e+01
4.487744979858398438e+02 2.058631649017333984e+02 6.776113891601562500e+01 4.825258255004882812e+01
4.436822319030761719e+02 2.044797363281250000e+02 7.233428192138671875e+01 7.309420776367187500e+01
4.448770790100097656e+02 2.054489345550537109e+02 6.625565338134765625e+01 4.287977981567382812e+01
4.443800926208496094e+02 2.036138267517089844e+02 6.806244659423828125e+01 4.353090667724609375e+01
-1.000000000000000000e+00 -1.000000000000000000e+00 -1.000000000000000000e+00 -1.000000000000000000e+00
-1.000000000000000000e+00 -1.000000000000000000e+00 -1.000000000000000000e+00 -1.000000000000000000e+00
4.389959564208984375e+02 2.022542152404785156e+02 6.773989868164062500e+01 4.211724090576171875e+01
-1.000000000000000000e+00 -1.000000000000000000e+00 -1.000000000000000000e+00 -1.000000000000000000e+00
-1.000000000000000000e+00 -1.000000000000000000e+00 -1.000000000000000000e+00 -1.000000000000000000e+00
-1.000000000000000000e+00 -1.000000000000000000e+00 -1.000000000000000000e+00 -1.000000000000000000e+00
4.310696258544921875e+02 2.009579772949218750e+02 6.788630676269531250e+01 4.197578430175781250e+01
-1.000000000000000000e+00 -1.000000000000000000e+00 -1.000000000000000000e+00 -1.000000000000000000e+00
-1.000000000000000000e+00 -1.000000000000000000e+00 -1.000000000000000000e+00 -1.000000000000000000e+00
4.253588142395019531e+02 1.982683124542236328e+02 6.703186798095703125e+01 4.244160079956054688e+01
-1.000000000000000000e+00 -1.000000000000000000e+00 -1.000000000000000000e+00 -1.000000000000000000e+00
-1.000000000000000000e+00 -1.000000000000000000e+00 -1.000000000000000000e+00 -1.000000000000000000e+00
-1.000000000000000000e+00 -1.000000000000000000e+00 -1.000000000000000000e+00 -1.000000000000000000e+00
-1.000000000000000000e+00 -1.000000000000000000e+00 -1.000000000000000000e+00 -1.000000000000000000e+00
4.132361717224121094e+02 1.967916088104248047e+02 7.535898590087890625e+01 4.568565750122070312e+01
4.136763496398925781e+02 1.951613521575927734e+02 6.758502960205078125e+01 4.510402297973632812e+01
4.088676071166992188e+02 1.958820819854736328e+02 7.536445617675781250e+01 4.646055221557617188e+01
3.826006469726562500e+02 1.614464378356933594e+02 1.526355895996093750e+02 9.980820465087890625e+01
-1.000000000000000000e+00 -1.000000000000000000e+00 -1.000000000000000000e+00 -1.000000000000000000e+00
-1.000000000000000000e+00 -1.000000000000000000e+00 -1.000000000000000000e+00 -1.000000000000000000e+00
-1.000000000000000000e+00 -1.000000000000000000e+00 -1.000000000000000000e+00 -1.000000000000000000e+00
3.108949089050292969e+02 2.914144439697265625e+02 9.402930450439453125e+01 5.453497314453125000e+01
3.160303268432617188e+02 2.902944221496582031e+02 9.322480773925781250e+01 5.402761077880859375e+01
-1.000000000000000000e+00 -1.000000000000000000e+00 -1.000000000000000000e+00 -1.000000000000000000e+00
3.235263671875000000e+02 2.883440799713134766e+02 9.109872436523437500e+01 5.307084274291992188e+01
-1.000000000000000000e+00 -1.000000000000000000e+00 -1.000000000000000000e+00 -1.000000000000000000e+00
-1.000000000000000000e+00 -1.000000000000000000e+00 -1.000000000000000000e+00 -1.000000000000000000e+00
3.351014289855957031e+02 2.850743370056152344e+02 8.781453704833984375e+01 5.225943756103515625e+01
3.385276908874511719e+02 2.832806148529052734e+02 8.765048980712890625e+01 5.248338699340820312e+01
3.431022644042968750e+02 2.818215599060058594e+02 8.642703247070312500e+01 5.245044708251953125e+01
3.467149085998535156e+02 2.814396057128906250e+02 8.539186859130859375e+01 5.191125488281250000e+01
3.501545486450195312e+02 2.802378711700439453e+02 8.431544494628906250e+01 5.195589828491210938e+01
-1.000000000000000000e+00 -1.000000000000000000e+00 -1.000000000000000000e+00 -1.000000000000000000e+00
-1.000000000000000000e+00 -1.000000000000000000e+00 -1.000000000000000000e+00 -1.000000000000000000e+00
-1.000000000000000000e+00 -1.000000000000000000e+00 -1.000000000000000000e+00 -1.000000000000000000e+00
3.609263992309570312e+02 2.740449104309082031e+02 8.304283142089843750e+01 5.108095550537109375e+01
3.651784896850585938e+02 2.745320720672607422e+02 8.139524841308593750e+01 5.031363296508789062e+01
3.674433670043945312e+02 2.724018878936767578e+02 8.144505310058593750e+01 5.196992111206054688e+01
-1.000000000000000000e+00 -1.000000000000000000e+00 -1.000000000000000000e+00 -1.000000000000000000e+00
-1.000000000000000000e+00 -1.000000000000000000e+00 -1.000000000000000000e+00 -1.000000000000000000e+00
3.770323791503906250e+02 2.700296478271484375e+02 7.810012817382812500e+01 5.017573547363281250e+01
3.788504066467285156e+02 2.684588165283203125e+02 7.902265167236328125e+01 5.037060546875000000e+01
3.824157333374023438e+02 2.684897823333740234e+02 7.720086669921875000e+01 4.992389297485351562e+01
3.850218505859375000e+02 2.673499412536621094e+02 7.682174682617187500e+01 4.988565826416015625e+01
-1.000000000000000000e+00 -1.000000000000000000e+00 -1.000000000000000000e+00 -1.000000000000000000e+00
-1.000000000000000000e+00 -1.000000000000000000e+00 -1.000000000000000000e+00 -1.000000000000000000e+00
-1.000000000000000000e+00 -1.000000000000000000e+00 -1.000000000000000000e+00 -1.000000000000000000e+00
-1.000000000000000000e+00 -1.000000000000000000e+00 -1.000000000000000000e+00 -1.000000000000000000e+00
3.993921470642089844e+02 2.629629936218261719e+02 7.258216094970703125e+01 4.752884674072265625e+01
4.015538673400878906e+02 2.623722934722900391e+02 7.273099517822265625e+01 4.780186080932617188e+01
-1.000000000000000000e+00 -1.000000000000000000e+00 -1.000000000000000000e+00 -1.000000000000000000e+00
4.060164489746093750e+02 2.600850467681884766e+02 7.136907958984375000e+01 4.835110092163085938e+01
4.080796241760253906e+02 2.587521877288818359e+02 7.169940948486328125e+01 4.807878494262695312e+01
4.108236427307128906e+02 2.583329582214355469e+02 7.133461761474609375e+01 4.804369354248046875e+01
-1.000000000000000000e+00 -1.000000000000000000e+00 -1.000000000000000000e+00 -1.000000000000000000e+00
-1.000000000000000000e+00 -1.000000000000000000e+00 -1.000000000000000000e+00 -1.000000000000000000e+00
4.158279151916503906e+02 2.548275165557861328e+02 6.851494598388671875e+01 4.703243637084960938e+01
4.175140724182128906e+02 2.541419086456298828e+02 6.862976837158203125e+01 4.802178573608398438e+01
4.214623947143554688e+02 2.530869922637939453e+02 6.948779296875000000e+01 5.034611129760742188e+01
4.244196166992187500e+02 2.544885196685791016e+02 6.633616638183593750e+01 4.660453414916992188e+01
4.270064926147460938e+02 2.545238208770751953e+02 6.529652404785156250e+01 4.641289901733398438e+01
4.285451049804687500e+02 2.537697200775146484e+02 6.496351623535156250e+01 4.637623977661132812e+01
4.292081298828125000e+02 2.496547966003417969e+02 6.620063781738281250e+01 4.943795013427734375e+01
4.309856681823730469e+02 2.507667255401611328e+02 6.434909820556640625e+01 4.729946517944335938e+01
4.328670082092285156e+02 2.485367145538330078e+02 6.493283843994140625e+01 4.827880477905273438e+01
4.358302154541015625e+02 2.497934589385986328e+02 6.168023681640625000e+01 4.530144882202148438e+01
4.328981513977050781e+02 2.255826225280761719e+02 7.203659820556640625e+01 6.838426971435546875e+01
4.387618236541748047e+02 2.476933021545410156e+02 6.223576736450195312e+01 4.609247589111328125e+01
4.345463905334472656e+02 2.360057544708251953e+02 7.032982635498046875e+01 5.872333908081054688e+01
4.417829971313476562e+02 2.151517601013183594e+02 6.289158630371093750e+01 6.969460296630859375e+01
4.427032699584960938e+02 2.459093952178955078e+02 6.076863098144531250e+01 4.653687667846679688e+01
4.435839233398437500e+02 2.449674854278564453e+02 6.048132324218750000e+01 4.620275497436523438e+01
4.441353664398193359e+02 2.415127105712890625e+02 6.038574600219726562e+01 4.895030212402343750e+01
4.457369117736816406e+02 2.265966091156005859e+02 6.040752410888671875e+01 6.298837661743164062e+01
4.470887260437011719e+02 2.400268344879150391e+02 6.037514495849609375e+01 4.919454574584960938e+01
4.484916973114013672e+02 2.406603412628173828e+02 6.009132766723632812e+01 4.824349594116210938e+01
4.489674282073974609e+02 2.396951942443847656e+02 5.861050796508789062e+01 4.814876556396484375e+01
4.496717357635498047e+02 2.351802978515625000e+02 5.865956497192382812e+01 5.188623046875000000e+01
4.365701618194580078e+02 2.061042728424072266e+02 5.393741989135742188e+01 3.987066268920898438e+01
4.344761352539062500e+02 2.064566211700439453e+02 5.393116760253906250e+01 3.929609298706054688e+01
4.335009136199951172e+02 2.067449798583984375e+02 5.496913528442382812e+01 3.956570434570312500e+01
4.327047691345214844e+02 2.068067340850830078e+02 5.502396392822265625e+01 3.998273849487304688e+01
