1.840000000000000000e+02 1.840000000000000000e+02 1.840000000000000000e+02 1.840000000000000000e+02
1.836642055511474609e+02 1.596693801879882812e+02 2.413966751098632812e+01 6.017317199707031250e+01
1.855876111984252930e+02 1.596844520568847656e+02 2.284913063049316406e+01 5.978496551513671875e+01
1.852266330718994141e+02 1.588423461914062500e+02 2.268389511108398438e+01 5.886514282226562500e+01
1.852218961715698242e+02 1.589983100891113281e+02 2.291196632385253906e+01 5.971721649169921875e+01
1.843966426849365234e+02 1.591253700256347656e+02 2.348347854614257812e+01 6.047565460205078125e+01
1.838948040008544922e+02 1.597512435913085938e+02 2.435586929321289062e+01 6.084669494628906250e+01
1.837457885742187500e+02 1.605155887603759766e+02 2.590129089355468750e+01 6.029725265502929688e+01
1.829365663528442383e+02 1.605997867584228516e+02 2.730753135681152344e+01 5.999735641479492188e+01
1.818378229141235352e+02 1.602629165649414062e+02 2.773496818542480469e+01 6.018019104003906250e+01
1.815470256805419922e+02 1.612887134552001953e+02 2.809740066528320312e+01 6.016949081420898438e+01
1.816074132919311523e+02 1.609045600891113281e+02 2.810498237609863281e+01 6.037447357177734375e+01
1.814860715866088867e+02 1.608456039428710938e+02 2.742125892639160156e+01 6.037551879882812500e+01
1.817473173141479492e+02 1.609292087554931641e+02 2.613575172424316406e+01 6.010265731811523438e+01
1.831841163635253906e+02 1.616847152709960938e+02 2.593671417236328125e+01 6.060429382324218750e+01
1.829704895019531250e+02 1.606334152221679688e+02 2.495967102050781250e+01 6.109980773925781250e+01
1.825642395019531250e+02 1.592240390777587891e+02 2.500309753417968750e+01 6.157781600952148438e+01
1.814293050765991211e+02 1.593644828796386719e+02 2.445265388488769531e+01 6.068428802490234375e+01
1.807226428985595703e+02 1.600625057220458984e+02 2.459612655639648438e+01 6.059933853149414062e+01
1.788237895965576172e+02 1.601806888580322266e+02 2.560393142700195312e+01 6.073920822143554688e+01
1.769175939559936523e+02 1.600603313446044922e+02 2.636725044250488281e+01 6.010684585571289062e+01
1.756982936859130859e+02 1.610964717864990234e+02 2.980980300903320312e+01 6.034062576293945312e+01
1.737202634811401367e+02 1.611781444549560547e+02 3.064931678771972656e+01 6.046986770629882812e+01
1.728802986145019531e+02 1.610157260894775391e+02 3.055396270751953125e+01 6.057447433471679688e+01
1.724567136764526367e+02 1.608265113830566406e+02 3.115551185607910156e+01 6.081336212158203125e+01
1.729619874954223633e+02 1.602417850494384766e+02 3.012265586853027344e+01 6.127685165405273438e+01
1.746270627975463867e+02 1.603886337280273438e+02 2.877417945861816406e+01 6.087884521484375000e+01
1.772177696228027344e+02 1.600983467102050781e+02 2.710512542724609375e+01 5.996054840087890625e+01
1.789346370697021484e+02 1.603904113769531250e+02 2.585872268676757812e+01 5.950280761718750000e+01
1.813761243820190430e+02 1.596483840942382812e+02 2.681240272521972656e+01 5.981306457519531250e+01
1.822813673019409180e+02 1.601722698211669922e+02 2.619922828674316406e+01 5.914607620239257812e+01
1.853660898208618164e+02 1.592995758056640625e+02 2.595670890808105469e+01 5.999630737304687500e+01
1.509554157257080078e+02 1.608654346466064453e+02 5.509381484985351562e+01 5.915488815307617188e+01
1.258835468292236328e+02 1.634222793579101562e+02 2.636232376098632812e+01 5.246664428710937500e+01
1.070160102844238281e+02 1.605487060546875000e+02 6.705599975585937500e+01 6.371949768066406250e+01
1.264123287200927734e+02 1.643329105377197266e+02 2.893212509155273438e+01 5.344561386108398438e+01
1.173936614990234375e+02 1.577705841064453125e+02 7.041252899169921875e+01 6.410102844238281250e+01
1.285357046127319336e+02 1.643295745849609375e+02 2.867571449279785156e+01 5.390330505371093750e+01
1.028190689086914062e+02 1.579725799560546875e+02 7.930609893798828125e+01 6.771772766113281250e+01
1.309125518798828125e+02 1.624191589355468750e+02 4.568743133544921875e+01 5.581163024902343750e+01
1.279942111968994141e+02 1.632036285400390625e+02 4.039113235473632812e+01 5.638992309570312500e+01
1.320001640319824219e+02 1.622946567535400391e+02 7.903507995605468750e+01 6.111690902709960938e+01
1.345375795364379883e+02 1.644738178253173828e+02 2.381095695495605469e+01 5.431260299682617188e+01
1.356333904266357422e+02 1.610052242279052734e+02 3.829272079467773438e+01 5.795073318481445312e+01
1.239851837158203125e+02 1.578999938964843750e+02 7.862863922119140625e+01 6.840571594238281250e+01
1.345902805328369141e+02 1.643539657592773438e+02 2.466173171997070312e+01 5.394619750976562500e+01
1.201008453369140625e+02 1.615293159484863281e+02 6.545714569091796875e+01 6.548778533935546875e+01
1.326402254104614258e+02 1.647091464996337891e+02 2.676180839538574219e+01 5.386191940307617188e+01
1.109533462524414062e+02 1.630741996765136719e+02 7.807482147216796875e+01 6.710755157470703125e+01
1.958549375534057617e+02 1.617314548492431641e+02 2.991937446594238281e+01 5.787299728393554688e+01
1.965100984573364258e+02 1.611577148437500000e+02 2.891357231140136719e+01 5.902580261230468750e+01
1.957829713821411133e+02 1.609410285949707031e+02 3.003800773620605469e+01 5.957155609130859375e+01
1.950447425842285156e+02 1.611494941711425781e+02 3.180401611328125000e+01 6.050444793701171875e+01
1.963244428634643555e+02 1.626110935211181641e+02 3.122754096984863281e+01 5.996496200561523438e+01
1.979881477355957031e+02 1.627678546905517578e+02 2.872041320800781250e+01 5.949753952026367188e+01
1.993036441802978516e+02 1.635118331909179688e+02 2.708098220825195312e+01 5.851315307617187500e+01
2.001484069824218750e+02 1.628291454315185547e+02 2.584413909912109375e+01 5.913258743286132812e+01
2.005388708114624023e+02 1.627002792358398438e+02 2.602051734924316406e+01 5.890081787109375000e+01
2.001795711517333984e+02 1.611734561920166016e+02 2.698116683959960938e+01 6.054194259643554688e+01
2.025701065063476562e+02 1.619788951873779297e+02 2.477248382568359375e+01 6.029782485961914062e+01
2.037696714401245117e+02 1.609444675445556641e+02 2.461929512023925781e+01 6.077729415893554688e+01
2.027543525695800781e+02 1.609892044067382812e+02 2.588514709472656250e+01 6.038311767578125000e+01
2.029209375381469727e+02 1.612053661346435547e+02 2.750154685974121094e+01 5.968661880493164062e+01
2.029197893142700195e+02 1.615975570678710938e+02 2.849349784851074219e+01 5.916876220703125000e+01
2.021412429809570312e+02 1.618481502532958984e+02 2.984099578857421875e+01 5.910152053833007812e+01
2.023054914474487305e+02 1.629411888122558594e+02 3.103854560852050781e+01 5.949520111083984375e+01
2.024079742431640625e+02 1.624662303924560547e+02 3.193093109130859375e+01 5.916316604614257812e+01
2.035935201644897461e+02 1.633759250640869141e+02 3.122408485412597656e+01 5.847871017456054688e+01
2.037670545578002930e+02 1.610998096466064453e+02 3.104197883605957031e+01 6.076697921752929688e+01
2.069463853836059570e+02 1.623626194000244141e+02 2.880502128601074219e+01 5.929432296752929688e+01
2.104629850387573242e+02 1.606464252471923828e+02 2.597786140441894531e+01 5.979606246948242188e+01
2.114799985885620117e+02 1.594285488128662109e+02 2.612861824035644531e+01 6.123454666137695312e+01
2.119873771667480469e+02 1.592652015686035156e+02 2.424925231933593750e+01 6.158397674560546875e+01
2.121941604614257812e+02 1.584571208953857422e+02 2.469034576416015625e+01 6.154785537719726562e+01
2.119515972137451172e+02 1.590823078155517578e+02 2.496632003784179688e+01 6.134615707397460938e+01
2.123368825912475586e+02 1.590355148315429688e+02 2.504421424865722656e+01 6.095660400390625000e+01
2.115280208587646484e+02 1.585565395355224609e+02 2.704537582397460938e+01 6.064572525024414062e+01
2.105402288436889648e+02 1.586753559112548828e+02 2.817339515686035156e+01 6.036266708374023438e+01
2.101085920333862305e+02 1.593727111816406250e+02 2.900970649719238281e+01 6.024096679687500000e+01
2.092389926910400391e+02 1.596774406433105469e+02 2.915715408325195312e+01 5.954776763916015625e+01
2.102040653228759766e+02 1.593555011749267578e+02 2.910261917114257812e+01 5.890751266479492188e+01
2.110569419860839844e+02 1.605761070251464844e+02 2.765222167968750000e+01 5.757563018798828125e+01
2.127397708892822266e+02 1.609637718200683594e+02 2.682759475708007812e+01 5.781999969482421875e+01
2.140847473144531250e+02 1.594302082061767578e+02 2.839694976806640625e+01 5.854389572143554688e+01
2.150825042724609375e+02 1.586148281097412109e+02 3.075923919677734375e+01 5.922838211059570312e+01
2.146089830398559570e+02 1.580297451019287109e+02 3.111041069030761719e+01 5.998543167114257812e+01
2.142963981628417969e+02 1.574169235229492188e+02 3.112344360351562500e+01 6.041198730468750000e+01
2.147324047088623047e+02 1.575364589691162109e+02 3.202257919311523438e+01 6.047128677368164062e+01
2.156485404968261719e+02 1.580055561065673828e+02 3.283068847656250000e+01 6.044532394409179688e+01
2.155812435150146484e+02 1.576773643493652344e+02 3.329446029663085938e+01 6.023606109619140625e+01
2.171135063171386719e+02 1.581834373474121094e+02 3.277354431152343750e+01 5.957154083251953125e+01
2.167417411804199219e+02 1.591754989624023438e+02 3.337390136718750000e+01 5.958984375000000000e+01
2.158214073181152344e+02 1.593745479583740234e+02 3.363121032714843750e+01 5.984856033325195312e+01
2.151988868713378906e+02 1.591705570220947266e+02 3.320875549316406250e+01 5.977030563354492188e+01
2.152898406982421875e+02 1.579954490661621094e+02 3.227507781982421875e+01 5.946466827392578125e+01
2.158672294616699219e+02 1.575486106872558594e+02 3.064582824707031250e+01 6.021076202392578125e+01
2.165052785873413086e+02 1.574483261108398438e+02 2.883004188537597656e+01 5.993023681640625000e+01
2.168126440048217773e+02 1.578206062316894531e+02 2.652747535705566406e+01 5.965557098388671875e+01
2.161029510498046875e+02 1.571482944488525391e+02 2.509551239013671875e+01 5.986869430541992188e+01
2.143723745346069336e+02 1.570737075805664062e+02 2.495070838928222656e+01 6.038934326171875000e+01
2.132021703720092773e+02 1.575499839782714844e+02 2.558887672424316406e+01 5.987059783935546875e+01
2.125553703308105469e+02 1.575429096221923828e+02 2.605268859863281250e+01 5.981881332397460938e+01
2.103653450012207031e+02 1.585570411682128906e+02 2.758322143554687500e+01 5.967885589599609375e+01
2.086740951538085938e+02 1.587992477416992188e+02 2.983406829833984375e+01 5.947651672363281250e+01
2.080117206573486328e+02 1.593859348297119141e+02 3.081654739379882812e+01 5.884470748901367188e+01
2.062810297012329102e+02 1.586361007690429688e+02 3.192983055114746094e+01 5.964489746093750000e+01
2.050610599517822266e+02 1.582621650695800781e+02 3.142724990844726562e+01 5.897406768798828125e+01
2.055232286453247070e+02 1.582920989990234375e+02 3.067590141296386719e+01 5.884681701660156250e+01
2.064691696166992188e+02 1.594371910095214844e+02 2.890222930908203125e+01 5.683989715576171875e+01
-1.000000000000000000e+00 -1.000000000000000000e+00 -1.000000000000000000e+00 -1.000000000000000000e+00
-1.000000000000000000e+00 -1.000000000000000000e+00 -1.000000000000000000e+00 -1.000000000000000000e+00
-1.000000000000000000e+00 -1.000000000000000000e+00 -1.000000000000000000e+00 -1.000000000000000000e+00
2.068887271881103516e+02 1.601327857971191406e+02 2.382625198364257812e+01 5.753896331787109375e+01
2.058949069976806641e+02 1.607772712707519531e+02 2.400046157836914062e+01 5.786348724365234375e+01
2.029696092605590820e+02 1.606509361267089844e+02 2.506045341491699219e+01 5.747571563720703125e+01
-1.000000000000000000e+00 -1.000000000000000000e+00 -1.000000000000000000e+00 -1.000000000000000000e+00
-1.000000000000000000e+00 -1.000000000000000000e+00 -1.000000000000000000e+00 -1.000000000000000000e+00
-1.000000000000000000e+00 -1.000000000000000000e+00 -1.000000000000000000e+00 -1.000000000000000000e+00
-1.000000000000000000e+00 -1.000000000000000000e+00 -1.000000000000000000e+00 -1.000000000000000000e+00
1.930014610290527344e+02 1.611630210876464844e+02 3.206262207031250000e+01 5.673763275146484375e+01
-1.000000000000000000e+00 -1.000000000000000000e+00 -1.000000000000000000e+00 -1.000000000000000000e+00
1.889446220397949219e+02 1.615934524536132812e+02 3.206161499023437500e+01 5.626948547363281250e+01
-1.000000000000000000e+00 -1.000000000000000000e+00 -1.000000000000000000e+00 -1.000000000000000000e+00
1.920202007293701172e+02 1.595279293060302734e+02 2.679516220092773438e+01 5.665962600708007812e+01
1.933114271163940430e+02 1.587102203369140625e+02 2.493527412414550781e+01 5.785061645507812500e+01
-1.000000000000000000e+00 -1.000000000000000000e+00 -1.000000000000000000e+00 -1.000000000000000000e+00
1.930324392318725586e+02 1.566575794219970703e+02 2.355973243713378906e+01 5.846389389038085938e+01
1.937320814132690430e+02 1.572125015258789062e+02 2.394069099426269531e+01 5.851303100585937500e+01
1.934896602630615234e+02 1.577131671905517578e+02 2.463135910034179688e+01 5.879723739624023438e+01
1.935761318206787109e+02 1.575971679687500000e+02 2.580733871459960938e+01 5.823104858398437500e+01
1.930905866622924805e+02 1.574317512512207031e+02 2.882785224914550781e+01 5.791445159912109375e+01
1.914053115844726562e+02 1.587002487182617188e+02 3.044469451904296875e+01 5.657131958007812500e+01
-1.000000000000000000e+00 -1.000000000000000000e+00 -1.000000000000000000e+00 -1.000000000000000000e+00
-1.000000000000000000e+00 -1.000000000000000000e+00 -1.000000000000000000e+00 -1.000000000000000000e+00
-1.000000000000000000e+00 -1.000000000000000000e+00 -1.000000000000000000e+00 -1.000000000000000000e+00
1.889806385040283203e+02 1.572893581390380859e+02 3.136505508422851562e+01 5.646144485473632812e+01
1.916065998077392578e+02 1.554740886688232422e+02 2.817062759399414062e+01 5.776236343383789062e+01
1.909267578125000000e+02 1.551430263519287109e+02 2.732207489013671875e+01 5.800271987915039062e+01
-1.000000000000000000e+00 -1.000000000000000000e+00 -1.000000000000000000e+00 -1.000000000000000000e+00
1.892827405929565430e+02 1.523382358551025391e+02 2.684489631652832031e+01 5.902662277221679688e+01
1.892233209609985352e+02 1.530106678009033203e+02 2.616789817810058594e+01 5.797568893432617188e+01
1.900513935089111328e+02 1.518978347778320312e+02 2.614526748657226562e+01 5.969360351562500000e+01
1.905261306762695312e+02 1.538093624114990234e+02 2.476232147216796875e+01 5.803790664672851562e+01
1.918176975250244141e+02 1.547459335327148438e+02 2.478953933715820312e+01 5.638819885253906250e+01
-1.000000000000000000e+00 -1.000000000000000000e+00 -1.000000000000000000e+00 -1.000000000000000000e+00
-1.000000000000000000e+00 -1.000000000000000000e+00 -1.000000000000000000e+00 -1.000000000000000000e+00
1.911080646514892578e+02 1.561934928894042969e+02 2.821059036254882812e+01 5.839965057373046875e+01
1.901038379669189453e+02 1.567066001892089844e+02 2.787053298950195312e+01 5.787497711181640625e+01
-1.000000000000000000e+00 -1.000000000000000000e+00 -1.000000000000000000e+00 -1.000000000000000000e+00
-1.000000000000000000e+00 -1.000000000000000000e+00 -1.000000000000000000e+00 -1.000000000000000000e+00
1.897080574035644531e+02 1.573875827789306641e+02 2.503762817382812500e+01 5.779798507690429688e+01
-1.000000000000000000e+00 -1.000000000000000000e+00 -1.000000000000000000e+00 -1.000000000000000000e+00
1.911851711273193359e+02 1.573357734680175781e+02 2.290427780151367188e+01 5.801924896240234375e+01
-1.000000000000000000e+00 -1.000000000000000000e+00 -1.000000000000000000e+00 -1.000000000000000000e+00
-1.000000000000000000e+00 -1.000000000000000000e+00 -1.000000000000000000e+00 -1.000000000000000000e+00
-1.000000000000000000e+00 -1.000000000000000000e+00 -1.000000000000000000e+00 -1.000000000000000000e+00
-1.000000000000000000e+00 -1.000000000000000000e+00 -1.000000000000000000e+00 -1.000000000000000000e+00
-1.000000000000000000e+00 -1.000000000000000000e+00 -1.000000000000000000e+00 -1.000000000000000000e+00
1.867861785888671875e+02 1.600172042846679688e+02 2.602925872802734375e+01 5.825668334960937500e+01
1.848651733398437500e+02 1.600484905242919922e+02 2.735190582275390625e+01 5.763843154907226562e+01
-1.000000000000000000e+00 -1.000000000000000000e+00 -1.000000000000000000e+00 -1.000000000000000000e+00
1.822733793258666992e+02 1.605050888061523438e+02 2.715980720520019531e+01 5.700180053710937500e+01
1.732815341949462891e+02 1.602826442718505859e+02 3.621623611450195312e+01 5.659447097778320312e+01
-1.000000000000000000e+00 -1.000000000000000000e+00 -1.000000000000000000e+00 -1.000000000000000000e+00
1.815916566848754883e+02 1.596319122314453125e+02 2.551167106628417969e+01 5.659152221679687500e+01
1.794413833618164062e+02 1.602092151641845703e+02 2.621294403076171875e+01 5.619192123413085938e+01
-1.000000000000000000e+00 -1.000000000000000000e+00 -1.000000000000000000e+00 -1.000000000000000000e+00
-1.000000000000000000e+00 -1.000000000000000000e+00 -1.000000000000000000e+00 -1.000000000000000000e+00
1.769354887008666992e+02 1.602581367492675781e+02 2.429538154602050781e+01 5.666046905517578125e+01
1.553242740631103516e+02 1.620260734558105469e+02 4.084814071655273438e+01 5.429273223876953125e+01
-1.000000000000000000e+00 -1.000000000000000000e+00 -1.000000000000000000e+00 -1.000000000000000000e+00
-1.000000000000000000e+00 -1.000000000000000000e+00 -1.000000000000000000e+00 -1.000000000000000000e+00
1.166605749130249023e+02 1.618657474517822266e+02 2.515019416809082031e+01 5.279964828491210938e+01
1.164607906341552734e+02 1.633516120910644531e+02 2.494888687133789062e+01 5.148163604736328125e+01
1.167112350463867188e+02 1.637660579681396484e+02 2.469587707519531250e+01 5.009811782836914062e+01
1.156267137527465820e+02 1.634369487762451172e+02 2.493802452087402344e+01 5.088101577758789062e+01
-1.000000000000000000e+00 -1.000000000000000000e+00 -1.000000000000000000e+00 -1.000000000000000000e+00
-1.000000000000000000e+00 -1.000000000000000000e+00 -1.000000000000000000e+00 -1.000000000000000000e+00
-1.000000000000000000e+00 -1.000000000000000000e+00 -1.000000000000000000e+00 -1.000000000000000000e+00
8.171434402465820312e+01 1.596182041168212891e+02 7.290604400634765625e+01 6.343038558959960938e+01
-1.000000000000000000e+00 -1.000000000000000000e+00 -1.000000000000000000e+00 -1.000000000000000000e+00
1.659467449188232422e+02 1.610291557312011719e+02 2.442381668090820312e+01 5.932183074951171875e+01
-1.000000000000000000e+00 -1.000000000000000000e+00 -1.000000000000000000e+00 -1.000000000000000000e+00
-1.000000000000000000e+00 -1.000000000000000000e+00 -1.000000000000000000e+00 -1.000000000000000000e+00
-1.000000000000000000e+00 -1.000000000000000000e+00 -1.000000000000000000e+00 -1.000000000000000000e+00
1.665787181854248047e+02 1.607128429412841797e+02 2.356561660766601562e+01 5.751074600219726562e+01
-1.000000000000000000e+00 -1.000000000000000000e+00 -1.000000000000000000e+00 -1.000000000000000000e+00
1.688753690719604492e+02 1.608598499298095703e+02 2.199476051330566406e+01 5.669268417358398438e+01
-1.000000000000000000e+00 -1.000000000000000000e+00 -1.000000000000000000e+00 -1.000000000000000000e+00
-1.000000000000000000e+00 -1.000000000000000000e+00 -1.000000000000000000e+00 -1.000000000000000000e+00
-1.000000000000000000e+00 -1.000000000000000000e+00 -1.000000000000000000e+00 -1.000000000000000000e+00
1.714149599075317383e+02 1.613489551544189453e+02 2.181712913513183594e+01 5.592771530151367188e+01
-1.000000000000000000e+00 -1.000000000000000000e+00 -1.000000000000000000e+00 -1.000000000000000000e+00
1.734593334197998047e+02 1.619547920227050781e+02 2.282654190063476562e+01 5.618727874755859375e+01
1.735441617965698242e+02 1.622440013885498047e+02 2.371907997131347656e+01 5.489229202270507812e+01
1.736612424850463867e+02 1.622904739379882812e+02 2.525211524963378906e+01 5.533988952636718750e+01
1.743627090454101562e+02 1.620174617767333984e+02 2.641056823730468750e+01 5.533288955688476562e+01
1.582705497741699219e+02 1.619759445190429688e+02 4.000934600830078125e+01 5.478814697265625000e+01
1.759164695739746094e+02 1.622491531372070312e+02 2.799427032470703125e+01 5.580426025390625000e+01
1.410024480819702148e+02 1.619077911376953125e+02 2.445102882385253906e+01 5.665596008300781250e+01
1.785370149612426758e+02 1.606994781494140625e+02 2.819456291198730469e+01 5.651309204101562500e+01
1.436984148025512695e+02 1.623042411804199219e+02 2.444531822204589844e+01 5.640863800048828125e+01
1.816486101150512695e+02 1.610324745178222656e+02 2.632938194274902344e+01 5.630631256103515625e+01
-1.000000000000000000e+00 -1.000000000000000000e+00 -1.000000000000000000e+00 -1.000000000000000000e+00
1.822010469436645508e+02 1.610405235290527344e+02 2.433156394958496094e+01 5.568851470947265625e+01
-1.000000000000000000e+00 -1.000000000000000000e+00 -1.000000000000000000e+00 -1.000000000000000000e+00
-1.000000000000000000e+00 -1.000000000000000000e+00 -1.000000000000000000e+00 -1.000000000000000000e+00
1.828925180435180664e+02 1.614214057922363281e+02 2.292434501647949219e+01 5.618022918701171875e+01
-1.000000000000000000e+00 -1.000000000000000000e+00 -1.000000000000000000e+00 -1.000000000000000000e+00
1.831269598007202148e+02 1.610846157073974609e+02 2.365036201477050781e+01 5.601488113403320312e+01
-1.000000000000000000e+00 -1.000000000000000000e+00 -1.000000000000000000e+00 -1.000000000000000000e+00
1.814703159332275391e+02 1.615867385864257812e+02 2.563793563842773438e+01 5.657513427734375000e+01
1.819660634994506836e+02 1.621598606109619141e+02 2.528718757629394531e+01 5.608269882202148438e+01
-1.000000000000000000e+00 -1.000000000000000000e+00 -1.000000000000000000e+00 -1.000000000000000000e+00
1.829617938995361328e+02 1.611465072631835938e+02 2.537340927124023438e+01 5.645234680175781250e+01
-1.000000000000000000e+00 -1.000000000000000000e+00 -1.000000000000000000e+00 -1.000000000000000000e+00
-1.000000000000000000e+00 -1.000000000000000000e+00 -1.000000000000000000e+00 -1.000000000000000000e+00
1.841395730972290039e+02 1.628457756042480469e+02 2.409438896179199219e+01 5.609688568115234375e+01
-1.000000000000000000e+00 -1.000000000000000000e+00 -1.000000000000000000e+00 -1.000000000000000000e+00
1.843359088897705078e+02 1.617289390563964844e+02 2.446300888061523438e+01 5.630727386474609375e+01
-1.000000000000000000e+00 -1.000000000000000000e+00 -1.000000000000000000e+00 -1.000000000000000000e+00
-1.000000000000000000e+00 -1.000000000000000000e+00 -1.000000000000000000e+00 -1.000000000000000000e+00
1.846517391204833984e+02 1.625771636962890625e+02 2.355044937133789062e+01 5.544673156738281250e+01
1.851781244277954102e+02 1.612933979034423828e+02 2.286189079284667969e+01 5.605234909057617188e+01
-1.000000000000000000e+00 -1.000000000000000000e+00 -1.000000000000000000e+00 -1.000000000000000000e+00
-1.000000000000000000e+00 -1.000000000000000000e+00 -1.000000000000000000e+00 -1.000000000000000000e+00
-1.000000000000000000e+00 -1.000000000000000000e+00 -1.000000000000000000e+00 -1.000000000000000000e+00
1.875352773666381836e+02 1.618679504394531250e+02 2.227891731262207031e+01 5.597871398925781250e+01
1.868275222778320312e+02 1.616090373992919922e+02 2.337133789062500000e+01 5.594821548461914062e+01
1.892337970733642578e+02 1.608428249359130859e+02 2.289054489135742188e+01 5.619533157348632812e+01
-1.000000000000000000e+00 -1.000000000000000000e+00 -1.000000000000000000e+00 -1.000000000000000000e+00
-1.000000000000000000e+00 -1.000000000000000000e+00 -1.000000000000000000e+00 -1.000000000000000000e+00
1.756806697845458984e+02 1.620107555389404297e+02 3.246738815307617188e+01 5.535589981079101562e+01
-1.000000000000000000e+00 -1.000000000000000000e+00 -1.000000000000000000e+00 -1.000000000000000000e+00
-1.000000000000000000e+00 -1.000000000000000000e+00 -1.000000000000000000e+00 -1.000000000000000000e+00
1.905076599121093750e+02 1.605907001495361328e+02 2.358101654052734375e+01 5.595884323120117188e+01
-1.000000000000000000e+00 -1.000000000000000000e+00 -1.000000000000000000e+00 -1.000000000000000000e+00
-1.000000000000000000e+00 -1.000000000000000000e+00 -1.000000000000000000e+00 -1.000000000000000000e+00
-1.000000000000000000e+00 -1.000000000000000000e+00 -1.000000000000000000e+00 -1.000000000000000000e+00
1.923969478607177734e+02 1.559139347076416016e+02 2.366918563842773438e+01 5.695219039916992188e+01
1.764052410125732422e+02 1.574912548065185547e+02 3.385810470581054688e+01 5.506618118286132812e+01
-1.000000000000000000e+00 -1.000000000000000000e+00 -1.000000000000000000e+00 -1.000000000000000000e+00
-1.000000000000000000e+00 -1.000000000000000000e+00 -1.000000000000000000e+00 -1.000000000000000000e+00
-1.000000000000000000e+00 -1.000000000000000000e+00 -1.000000000000000000e+00 -1.000000000000000000e+00
-1.000000000000000000e+00 -1.000000000000000000e+00 -1.000000000000000000e+00 -1.000000000000000000e+00
-1.000000000000000000e+00 -1.000000000000000000e+00 -1.000000000000000000e+00 -1.000000000000000000e+00
-1.000000000000000000e+00 -1.000000000000000000e+00 -1.000000000000000000e+00 -1.000000000000000000e+00
-1.000000000000000000e+00 -1.000000000000000000e+00 -1.000000000000000000e+00 -1.000000000000000000e+00
1.797781448364257812e+02 1.517765750885009766e+02 2.452184295654296875e+01 5.571105575561523438e+01
-1.000000000000000000e+00 -1.000000000000000000e+00 -1.000000000000000000e+00 -1.000000000000000000e+00
-1.000000000000000000e+00 -1.000000000000000000e+00 -1.000000000000000000e+00 -1.000000000000000000e+00
-1.000000000000000000e+00 -1.000000000000000000e+00 -1.000000000000000000e+00 -1.000000000000000000e+00
-1.000000000000000000e+00 -1.000000000000000000e+00 -1.000000000000000000e+00 -1.000000000000000000e+00
-1.000000000000000000e+00 -1.000000000000000000e+00 -1.000000000000000000e+00 -1.000000000000000000e+00
-1.000000000000000000e+00 -1.000000000000000000e+00 -1.000000000000000000e+00 -1.000000000000000000e+00
1.834868898391723633e+02 1.535640945434570312e+02 3.132731437683105469e+01 5.258346557617187500e+01
-1.000000000000000000e+00 -1.000000000000000000e+00 -1.000000000000000000e+00 -1.000000000000000000e+00
1.883957929611206055e+02 1.537440662384033203e+02 2.554887580871582031e+01 5.291303634643554688e+01
-1.000000000000000000e+00 -1.000000000000000000e+00 -1.000000000000000000e+00 -1.000000000000000000e+00
1.862641143798828125e+02 1.544576740264892578e+02 2.467559051513671875e+01 5.211741256713867188e+01
-1.000000000000000000e+00 -1.000000000000000000e+00 -1.000000000000000000e+00 -1.000000000000000000e+00
1.861107540130615234e+02 1.542287731170654297e+02 2.285042953491210938e+01 5.194447708129882812e+01
1.842877845764160156e+02 1.550740203857421875e+02 2.404081726074218750e+01 5.191777038574218750e+01
-1.000000000000000000e+00 -1.000000000000000000e+00 -1.000000000000000000e+00 -1.000000000000000000e+00
1.851837472915649414e+02 1.557308235168457031e+02 2.193445396423339844e+01 5.149413299560546875e+01
1.826430244445800781e+02 1.547447948455810547e+02 2.304049682617187500e+01 5.249863052368164062e+01
-1.000000000000000000e+00 -1.000000000000000000e+00 -1.000000000000000000e+00 -1.000000000000000000e+00
1.831173648834228516e+02 1.541293983459472656e+02 2.348566055297851562e+01 5.254991912841796875e+01
1.828079986572265625e+02 1.538128509521484375e+02 2.346930694580078125e+01 5.261169433593750000e+01
1.812352561950683594e+02 1.534067707061767578e+02 2.397944641113281250e+01 5.250170516967773438e+01
-1.000000000000000000e+00 -1.000000000000000000e+00 -1.000000000000000000e+00 -1.000000000000000000e+00
1.793713932037353516e+02 1.523314399719238281e+02 2.509831619262695312e+01 5.373754119873046875e+01
1.784293174743652344e+02 1.518184795379638672e+02 2.563482666015625000e+01 5.443938064575195312e+01
-1.000000000000000000e+00 -1.000000000000000000e+00 -1.000000000000000000e+00 -1.000000000000000000e+00
-1.000000000000000000e+00 -1.000000000000000000e+00 -1.000000000000000000e+00 -1.000000000000000000e+00
-1.000000000000000000e+00 -1.000000000000000000e+00 -1.000000000000000000e+00 -1.000000000000000000e+00
-1.000000000000000000e+00 -1.000000000000000000e+00 -1.000000000000000000e+00 -1.000000000000000000e+00
1.728708477020263672e+02 1.512486133575439453e+02 2.772713851928710938e+01 5.442106246948242188e+01
1.706027994155883789e+02 1.512414569854736328e+02 2.752475547790527344e+01 5.462855148315429688e+01
-1.000000000000000000e+00 -1.000000000000000000e+00 -1.000000000000000000e+00 -1.000000000000000000e+00
1.685005750656127930e+02 1.501537017822265625e+02 2.832798957824707031e+01 5.474125671386718750e+01
-1.000000000000000000e+00 -1.000000000000000000e+00 -1.000000000000000000e+00 -1.000000000000000000e+00
-1.000000000000000000e+00 -1.000000000000000000e+00 -1.000000000000000000e+00 -1.000000000000000000e+00
1.687383499145507812e+02 1.509809322357177734e+02 2.627835845947265625e+01 5.389120864868164062e+01
-1.000000000000000000e+00 -1.000000000000000000e+00 -1.000000000000000000e+00 -1.000000000000000000e+00
1.691234054565429688e+02 1.522453136444091797e+02 2.544422149658203125e+01 5.392839431762695312e+01
1.686707983016967773e+02 1.515610847473144531e+02 2.507256507873535156e+01 5.362175750732421875e+01
-1.000000000000000000e+00 -1.000000000000000000e+00 -1.000000000000000000e+00 -1.000000000000000000e+00
-1.000000000000000000e+00 -1.000000000000000000e+00 -1.000000000000000000e+00 -1.000000000000000000e+00
-1.000000000000000000e+00 -1.000000000000000000e+00 -1.000000000000000000e+00 -1.000000000000000000e+00
1.704329261779785156e+02 1.515160598754882812e+02 2.313284301757812500e+01 5.406976318359375000e+01
-1.000000000000000000e+00 -1.000000000000000000e+00 -1.000000000000000000e+00 -1.000000000000000000e+00
1.714628591537475586e+02 1.518047275543212891e+02 2.332970619201660156e+01 5.376038742065429688e+01
1.714857521057128906e+02 1.519188289642333984e+02 2.413528442382812500e+01 5.379628372192382812e+01
-1.000000000000000000e+00 -1.000000000000000000e+00 -1.000000000000000000e+00 -1.000000000000000000e+00
-1.000000000000000000e+00 -1.000000000000000000e+00 -1.000000000000000000e+00 -1.000000000000000000e+00
-1.000000000000000000e+00 -1.000000000000000000e+00 -1.000000000000000000e+00 -1.000000000000000000e+00
1.728180732727050781e+02 1.518348293304443359e+02 2.519891357421875000e+01 5.425374221801757812e+01
-1.000000000000000000e+00 -1.000000000000000000e+00 -1.000000000000000000e+00 -1.000000000000000000e+00
1.744864234924316406e+02 1.518539218902587891e+02 2.460380554199218750e+01 5.408298873901367188e+01
1.748277845382690430e+02 1.521738471984863281e+02 2.468800544738769531e+01 5.440000152587890625e+01
1.756940116882324219e+02 1.526696662902832031e+02 2.400807189941406250e+01 5.395725250244140625e+01
1.772594947814941406e+02 1.538168659210205078e+02 2.308572387695312500e+01 5.247324752807617188e+01
-1.000000000000000000e+00 -1.000000000000000000e+00 -1.000000000000000000e+00 -1.000000000000000000e+00
1.803784580230712891e+02 1.543101100921630859e+02 2.187710952758789062e+01 5.272288894653320312e+01
-1.000000000000000000e+00 -1.000000000000000000e+00 -1.000000000000000000e+00 -1.000000000000000000e+00
-1.000000000000000000e+00 -1.000000000000000000e+00 -1.000000000000000000e+00 -1.000000000000000000e+00
1.845077238082885742e+02 1.535504779815673828e+02 2.277353096008300781e+01 5.318796920776367188e+01
1.837667026519775391e+02 1.542641239166259766e+02 2.356392288208007812e+01 5.288665390014648438e+01
1.834327898025512695e+02 1.536630191802978516e+02 2.441354179382324219e+01 5.293767929077148438e+01
1.838253622055053711e+02 1.542143726348876953e+02 2.621256446838378906e+01 5.297083663940429688e+01
-1.000000000000000000e+00 -1.000000000000000000e+00 -1.000000000000000000e+00 -1.000000000000000000e+00
-1.000000000000000000e+00 -1.000000000000000000e+00 -1.000000000000000000e+00 -1.000000000000000000e+00
1.854442672729492188e+02 1.552567195892333984e+02 2.738657379150390625e+01 5.191887283325195312e+01
-1.000000000000000000e+00 -1.000000000000000000e+00 -1.000000000000000000e+00 -1.000000000000000000e+00
1.863477945327758789e+02 1.548985137939453125e+02 2.690135765075683594e+01 5.226356506347656250e+01
-1.000000000000000000e+00 -1.000000000000000000e+00 -1.000000000000000000e+00 -1.000000000000000000e+00
1.904310541152954102e+02 1.529468650817871094e+02 2.402863121032714844e+01 5.409194183349609375e+01
1.908974552154541016e+02 1.505128402709960938e+02 2.369041824340820312e+01 5.252745056152343750e+01
-1.000000000000000000e+00 -1.000000000000000000e+00 -1.000000000000000000e+00 -1.000000000000000000e+00
-1.000000000000000000e+00 -1.000000000000000000e+00 -1.000000000000000000e+00 -1.000000000000000000e+00
1.827130451202392578e+02 1.515816268920898438e+02 3.333787918090820312e+01 5.209408569335937500e+01
-1.000000000000000000e+00 -1.000000000000000000e+00 -1.000000000000000000e+00 -1.000000000000000000e+00
1.271114006042480469e+02 1.540270481109619141e+02 7.997814178466796875e+01 5.248797225952148438e+01
1.396865978240966797e+02 1.560046691894531250e+02 2.868751907348632812e+01 5.313783264160156250e+01
1.399720935821533203e+02 1.563837413787841797e+02 2.827596664428710938e+01 5.258156204223632812e+01
1.241915721893310547e+02 1.530428524017333984e+02 6.324031448364257812e+01 5.697365188598632812e+01
-1.000000000000000000e+00 -1.000000000000000000e+00 -1.000000000000000000e+00 -1.000000000000000000e+00
1.957623710632324219e+02 1.518795032501220703e+02 2.413201141357421875e+01 5.670411300659179688e+01
1.955667161941528320e+02 1.527631587982177734e+02 2.471347618103027344e+01 5.620567703247070312e+01
-1.000000000000000000e+00 -1.000000000000000000e+00 -1.000000000000000000e+00 -1.000000000000000000e+00
-1.000000000000000000e+00 -1.000000000000000000e+00 -1.000000000000000000e+00 -1.000000000000000000e+00
1.963293428421020508e+02 1.521635627746582031e+02 2.825256919860839844e+01 5.690140533447265625e+01
-1.000000000000000000e+00 -1.000000000000000000e+00 -1.000000000000000000e+00 -1.000000000000000000e+00
1.976244544982910156e+02 1.524695739746093750e+02 2.789827728271484375e+01 5.669567871093750000e+01
1.983058195114135742e+02 1.523075847625732422e+02 2.695200538635253906e+01 5.630650711059570312e+01
1.989546022415161133e+02 1.525603790283203125e+02 2.511762046813964844e+01 5.599748229980468750e+01
1.983658723831176758e+02 1.505014667510986328e+02 2.443941307067871094e+01 5.717727279663085938e+01
-1.000000000000000000e+00 -1.000000000000000000e+00 -1.000000000000000000e+00 -1.000000000000000000e+00
-1.000000000000000000e+00 -1.000000000000000000e+00 -1.000000000000000000e+00 -1.000000000000000000e+00
-1.000000000000000000e+00 -1.000000000000000000e+00 -1.000000000000000000e+00 -1.000000000000000000e+00
-1.000000000000000000e+00 -1.000000000000000000e+00 -1.000000000000000000e+00 -1.000000000000000000e+00
-1.000000000000000000e+00 -1.000000000000000000e+00 -1.000000000000000000e+00 -1.000000000000000000e+00
-1.000000000000000000e+00 -1.000000000000000000e+00 -1.000000000000000000e+00 -1.000000000000000000e+00
-1.000000000000000000e+00 -1.000000000000000000e+00 -1.000000000000000000e+00 -1.000000000000000000e+00
1.830112800598144531e+02 1.564953384399414062e+02 2.514585113525390625e+01 5.633872985839843750e+01
1.817230215072631836e+02 1.572977733612060547e+02 2.588911628723144531e+01 5.518675613403320312e+01
-1.000000000000000000e+00 -1.000000000000000000e+00 -1.000000000000000000e+00 -1.000000000000000000e+00
-1.000000000000000000e+00 -1.000000000000000000e+00 -1.000000000000000000e+00 -1.000000000000000000e+00
1.773501758575439453e+02 1.534705772399902344e+02 2.495951461791992188e+01 5.693645477294921875e+01
1.772541322708129883e+02 1.545249671936035156e+02 2.521997642517089844e+01 5.536454010009765625e+01
1.769229373931884766e+02 1.545924034118652344e+02 2.385505294799804688e+01 5.558539581298828125e+01
-1.000000000000000000e+00 -1.000000000000000000e+00 -1.000000000000000000e+00 -1.000000000000000000e+00
1.782949008941650391e+02 1.555376033782958984e+02 2.314443588256835938e+01 5.588766860961914062e+01
1.775251665115356445e+02 1.548850708007812500e+02 2.372386741638183594e+01 5.679130554199218750e+01
-1.000000000000000000e+00 -1.000000000000000000e+00 -1.000000000000000000e+00 -1.000000000000000000e+00
1.779191284179687500e+02 1.538056488037109375e+02 2.407939147949218750e+01 5.590399169921875000e+01
-1.000000000000000000e+00 -1.000000000000000000e+00 -1.000000000000000000e+00 -1.000000000000000000e+00
-1.000000000000000000e+00 -1.000000000000000000e+00 -1.000000000000000000e+00 -1.000000000000000000e+00
-1.000000000000000000e+00 -1.000000000000000000e+00 -1.000000000000000000e+00 -1.000000000000000000e+00
1.759306049346923828e+02 1.529867057800292969e+02 2.855767440795898438e+01 5.569159698486328125e+01
-1.000000000000000000e+00 -1.000000000000000000e+00 -1.000000000000000000e+00 -1.000000000000000000e+00
-1.000000000000000000e+00 -1.000000000000000000e+00 -1.000000000000000000e+00 -1.000000000000000000e+00
1.734213447570800781e+02 1.501549720764160156e+02 2.821161651611328125e+01 5.605541229248046875e+01
1.721454629898071289e+02 1.522464599609375000e+02 2.905550956726074219e+01 5.306434631347656250e+01
1.725746841430664062e+02 1.522843456268310547e+02 2.806449890136718750e+01 5.224605178833007812e+01
1.725132961273193359e+02 1.518917293548583984e+02 2.713338088989257812e+01 5.265851211547851562e+01
1.733851203918457031e+02 1.499885902404785156e+02 2.599750518798828125e+01 5.370880889892578125e+01
1.736328763961791992e+02 1.482039909362792969e+02 2.560117530822753906e+01 5.458516693115234375e+01
1.733637523651123047e+02 1.494537162780761719e+02 2.499849319458007812e+01 5.360799407958984375e+01
1.722052850723266602e+02 1.471719608306884766e+02 2.490621757507324219e+01 5.505952072143554688e+01
1.721261663436889648e+02 1.481710033416748047e+02 2.428441047668457031e+01 5.446690750122070312e+01
1.720916566848754883e+02 1.488301124572753906e+02 2.333014488220214844e+01 5.358318328857421875e+01
1.706436958312988281e+02 1.470002651214599609e+02 2.424387359619140625e+01 5.418677139282226562e+01
1.713061065673828125e+02 1.471718082427978516e+02 2.361528015136718750e+01 5.378197860717773438e+01
1.696451053619384766e+02 1.481315898895263672e+02 2.389948654174804688e+01 5.243298721313476562e+01
1.687565670013427734e+02 1.485982837677001953e+02 2.382391738891601562e+01 5.239898300170898438e+01
1.673158473968505859e+02 1.468516788482666016e+02 2.484997940063476562e+01 5.361957931518554688e+01
1.673877744674682617e+02 1.486974830627441406e+02 2.490201759338378906e+01 5.211511993408203125e+01
1.669931335449218750e+02 1.474414615631103516e+02 2.551724243164062500e+01 5.346651840209960938e+01
1.664802341461181641e+02 1.481205139160156250e+02 2.517278671264648438e+01 5.246861267089843750e+01
1.662769918441772461e+02 1.469856395721435547e+02 2.529951667785644531e+01 5.351187515258789062e+01
1.655420932769775391e+02 1.448831405639648438e+02 2.543108749389648438e+01 5.424932861328125000e+01
1.650975704193115234e+02 1.446456317901611328e+02 2.516676712036132812e+01 5.415194320678710938e+01
1.650457649230957031e+02 1.457403717041015625e+02 2.462310028076171875e+01 5.284129333496093750e+01
1.650295848846435547e+02 1.461292457580566406e+02 2.510858535766601562e+01 5.327568817138671875e+01
1.648612718582153320e+02 1.478530979156494141e+02 2.584447288513183594e+01 5.272842025756835938e+01
1.626723241806030273e+02 1.487230205535888672e+02 2.822821235656738281e+01 5.278046035766601562e+01
1.613993616104125977e+02 1.482210330963134766e+02 3.000655937194824219e+01 5.327213668823242188e+01
1.605701532363891602e+02 1.481780948638916016e+02 3.081600761413574219e+01 5.405904769897460938e+01
1.590825958251953125e+02 1.485810642242431641e+02 3.156758117675781250e+01 5.376813888549804688e+01
1.593739814758300781e+02 1.492213478088378906e+02 3.047304534912109375e+01 5.345006561279296875e+01
1.584790792465209961e+02 1.491819133758544922e+02 2.977021980285644531e+01 5.355032730102539062e+01
1.597115154266357422e+02 1.499620952606201172e+02 2.883919143676757812e+01 5.243082046508789062e+01
1.606435174942016602e+02 1.502202377319335938e+02 2.767907524108886719e+01 5.226185607910156250e+01
1.613874750137329102e+02 1.504534568786621094e+02 2.664256095886230469e+01 5.229659271240234375e+01
1.636053390502929688e+02 1.504087848663330078e+02 2.400230407714843750e+01 5.179000473022460938e+01
1.639969425201416016e+02 1.507246322631835938e+02 2.334719467163085938e+01 5.208695983886718750e+01
1.648275814056396484e+02 1.496921672821044922e+02 2.352962112426757812e+01 5.260615921020507812e+01
1.657692413330078125e+02 1.505560207366943359e+02 2.301971435546875000e+01 5.216173171997070312e+01
1.666930570602416992e+02 1.501685791015625000e+02 2.309086036682128906e+01 5.215846252441406250e+01
1.670712404251098633e+02 1.510950641632080078e+02 2.294167137145996094e+01 5.039722824096679688e+01
1.675237979888916016e+02 1.515036983489990234e+02 2.329035568237304688e+01 5.002763748168945312e+01
1.674575843811035156e+02 1.501197128295898438e+02 2.369365692138671875e+01 5.094624328613281250e+01
1.676963996887207031e+02 1.520182800292968750e+02 2.381189727783203125e+01 4.913056945800781250e+01
1.679161739349365234e+02 1.490680675506591797e+02 2.434793472290039062e+01 5.183955764770507812e+01
1.668245534896850586e+02 1.510149497985839844e+02 2.481988716125488281e+01 5.075472259521484375e+01
1.677693128585815430e+02 1.504234428405761719e+02 2.400847816467285156e+01 5.016306304931640625e+01
1.677241468429565430e+02 1.492676429748535156e+02 2.294242286682128906e+01 5.041858673095703125e+01
1.666180820465087891e+02 1.488063182830810547e+02 2.297619247436523438e+01 5.030937576293945312e+01
1.660692472457885742e+02 1.480203800201416016e+02 2.278707313537597656e+01 5.012453842163085938e+01
1.650986537933349609e+02 1.478592872619628906e+02 2.321846389770507812e+01 5.084691619873046875e+01
1.624942235946655273e+02 1.483788776397705078e+02 2.403871345520019531e+01 5.089861679077148438e+01
1.597279319763183594e+02 1.480916805267333984e+02 2.576436614990234375e+01 5.145441055297851562e+01
1.589454164505004883e+02 1.484340095520019531e+02 2.641661643981933594e+01 5.157160186767578125e+01
1.576428565979003906e+02 1.491668720245361328e+02 2.806433868408203125e+01 5.208292770385742188e+01
1.564277858734130859e+02 1.494500465393066406e+02 2.917885208129882812e+01 5.165456390380859375e+01
1.557823066711425781e+02 1.505718021392822266e+02 2.916069793701171875e+01 5.140899276733398438e+01
1.551554260253906250e+02 1.503867778778076172e+02 2.871583557128906250e+01 5.142280960083007812e+01
1.549074363708496094e+02 1.511283016204833984e+02 2.774642181396484375e+01 5.135663223266601562e+01
1.567924289703369141e+02 1.526243000030517578e+02 2.583823776245117188e+01 5.013335800170898438e+01
1.563137235641479492e+02 1.520397567749023438e+02 2.542029762268066406e+01 5.022248840332031250e+01
1.576032209396362305e+02 1.522758445739746094e+02 2.460480690002441406e+01 5.033084869384765625e+01
1.587995519638061523e+02 1.524552326202392578e+02 2.448129463195800781e+01 5.077862167358398438e+01
1.581768188476562500e+02 1.521136035919189453e+02 2.534202575683593750e+01 5.172336959838867188e+01
1.600924835205078125e+02 1.528614311218261719e+02 2.458952331542968750e+01 5.125501251220703125e+01
1.607495336532592773e+02 1.522951145172119141e+02 2.478459358215332031e+01 5.188268661499023438e+01
1.626433658599853516e+02 1.531754550933837891e+02 2.400658798217773438e+01 5.140333175659179688e+01
