1.570000000000000000e+02 1.570000000000000000e+02 1.570000000000000000e+02 1.570000000000000000e+02
1.482583618164062500e+02 2.816159725189208984e+02 1.349470520019531250e+02 4.992195510864257812e+01
-1.000000000000000000e+00 -1.000000000000000000e+00 -1.000000000000000000e+00 -1.000000000000000000e+00
1.456542587280273438e+02 2.815300178527832031e+02 1.339665985107421875e+02 5.050536346435546875e+01
-1.000000000000000000e+00 -1.000000000000000000e+00 -1.000000000000000000e+00 -1.000000000000000000e+00
1.531851005554199219e+02 2.850147705078125000e+02 1.255482864379882812e+02 4.959649658203125000e+01
-1.000000000000000000e+00 -1.000000000000000000e+00 -1.000000000000000000e+00 -1.000000000000000000e+00
1.551621780395507812e+02 2.921463680267333984e+02 1.292519378662109375e+02 5.000636672973632812e+01
1.588487777709960938e+02 2.968257522583007812e+02 1.275707550048828125e+02 4.916572570800781250e+01
1.608259353637695312e+02 3.004847812652587891e+02 1.279436187744140625e+02 4.802161788940429688e+01
-1.000000000000000000e+00 -1.000000000000000000e+00 -1.000000000000000000e+00 -1.000000000000000000e+00
-1.000000000000000000e+00 -1.000000000000000000e+00 -1.000000000000000000e+00 -1.000000000000000000e+00
1.615611114501953125e+02 3.039740333557128906e+02 1.309156799316406250e+02 4.849382781982421875e+01
-1.000000000000000000e+00 -1.000000000000000000e+00 -1.000000000000000000e+00 -1.000000000000000000e+00
1.607863655090332031e+02 3.001276626586914062e+02 1.259075241088867188e+02 4.817671203613281250e+01
-1.000000000000000000e+00 -1.000000000000000000e+00 -1.000000000000000000e+00 -1.000000000000000000e+00
1.602171325683593750e+02 3.010408992767333984e+02 1.247920227050781250e+02 5.002220535278320312e+01
1.383420562744140625e+02 2.985181941986083984e+02 1.520938415527343750e+02 5.785206985473632812e+01
1.746939353942871094e+02 3.159972057342529297e+02 1.102495193481445312e+02 4.885797500610351562e+01
-1.000000000000000000e+00 -1.000000000000000000e+00 -1.000000000000000000e+00 -1.000000000000000000e+00
1.669730415344238281e+02 3.262297782897949219e+02 1.212412033081054688e+02 5.028076934814453125e+01
1.683615531921386719e+02 3.298416824340820312e+02 1.173788223266601562e+02 5.069273376464843750e+01
-1.000000000000000000e+00 -1.000000000000000000e+00 -1.000000000000000000e+00 -1.000000000000000000e+00
1.684884910583496094e+02 3.354170875549316406e+02 1.159323501586914062e+02 5.168370819091796875e+01
1.657451744079589844e+02 3.378742980957031250e+02 1.203645095825195312e+02 5.055252075195312500e+01
-1.000000000000000000e+00 -1.000000000000000000e+00 -1.000000000000000000e+00 -1.000000000000000000e+00
-1.000000000000000000e+00 -1.000000000000000000e+00 -1.000000000000000000e+00 -1.000000000000000000e+00
1.640438804626464844e+02 3.441038227081298828e+02 1.151038894653320312e+02 5.129864120483398438e+01
-1.000000000000000000e+00 -1.000000000000000000e+00 -1.000000000000000000e+00 -1.000000000000000000e+00
1.453409957885742188e+02 3.481283969879150391e+02 1.324756622314453125e+02 5.096717453002929688e+01
-1.000000000000000000e+00 -1.000000000000000000e+00 -1.000000000000000000e+00 -1.000000000000000000e+00
1.468177566528320312e+02 3.525134792327880859e+02 1.280616302490234375e+02 4.942229080200195312e+01
1.489430007934570312e+02 3.530665035247802734e+02 1.262576141357421875e+02 4.920741653442382812e+01
1.505299606323242188e+02 3.546202850341796875e+02 1.240134429931640625e+02 4.749078369140625000e+01
1.533249092102050781e+02 3.556003799438476562e+02 1.214208297729492188e+02 4.803819274902343750e+01
1.670186691284179688e+02 3.537281951904296875e+02 1.076033172607421875e+02 4.975817871093750000e+01
-1.000000000000000000e+00 -1.000000000000000000e+00 -1.000000000000000000e+00 -1.000000000000000000e+00
1.732683601379394531e+02 3.511608772277832031e+02 1.102085189819335938e+02 4.962065887451171875e+01
1.679180641174316406e+02 3.500207672119140625e+02 1.167637557983398438e+02 4.867056274414062500e+01
-1.000000000000000000e+00 -1.000000000000000000e+00 -1.000000000000000000e+00 -1.000000000000000000e+00
1.711117973327636719e+02 3.500220661163330078e+02 1.158036270141601562e+02 4.695028305053710938e+01
1.822860412597656250e+02 3.476338081359863281e+02 1.065453186035156250e+02 4.842900848388671875e+01
1.871800956726074219e+02 3.469676208496093750e+02 1.028933181762695312e+02 4.777935791015625000e+01
1.899394569396972656e+02 3.447360343933105469e+02 1.056118698120117188e+02 4.821494293212890625e+01
1.807567596435546875e+02 3.423929862976074219e+02 1.138826904296875000e+02 4.790293121337890625e+01
-1.000000000000000000e+00 -1.000000000000000000e+00 -1.000000000000000000e+00 -1.000000000000000000e+00
-1.000000000000000000e+00 -1.000000000000000000e+00 -1.000000000000000000e+00 -1.000000000000000000e+00
-1.000000000000000000e+00 -1.000000000000000000e+00 -1.000000000000000000e+00 -1.000000000000000000e+00
1.965872802734375000e+02 3.340214767456054688e+02 1.041052246093750000e+02 4.912351989746093750e+01
1.967563743591308594e+02 3.320993232727050781e+02 1.011660232543945312e+02 4.912364959716796875e+01
1.968019599914550781e+02 3.302895622253417969e+02 9.973656463623046875e+01 4.929172515869140625e+01
1.819755172729492188e+02 3.295871562957763672e+02 1.100055389404296875e+02 4.745792007446289062e+01
1.784846115112304688e+02 3.274795646667480469e+02 1.109597930908203125e+02 4.730826568603515625e+01
1.777990570068359375e+02 3.259286613464355469e+02 1.097485656738281250e+02 4.714768218994140625e+01
1.913350944519042969e+02 3.240694923400878906e+02 9.861856842041015625e+01 4.945748138427734375e+01
1.858304710388183594e+02 3.244339485168457031e+02 1.003306961059570312e+02 4.843025970458984375e+01
1.856495971679687500e+02 3.237373886108398438e+02 1.025445251464843750e+02 4.936436462402343750e+01
-1.000000000000000000e+00 -1.000000000000000000e+00 -1.000000000000000000e+00 -1.000000000000000000e+00
-1.000000000000000000e+00 -1.000000000000000000e+00 -1.000000000000000000e+00 -1.000000000000000000e+00
1.775228118896484375e+02 3.217601699829101562e+02 1.043594360351562500e+02 5.115361022949218750e+01
1.727182884216308594e+02 3.233323364257812500e+02 1.012933425903320312e+02 4.695642089843750000e+01
-1.000000000000000000e+00 -1.000000000000000000e+00 -1.000000000000000000e+00 -1.000000000000000000e+00
1.815271415710449219e+02 3.222142696380615234e+02 9.828595733642578125e+01 5.086565017700195312e+01
1.735709686279296875e+02 3.234855079650878906e+02 9.563729858398437500e+01 4.611186981201171875e+01
1.708370399475097656e+02 3.214659309387207031e+02 9.779601287841796875e+01 4.699831390380859375e+01
-1.000000000000000000e+00 -1.000000000000000000e+00 -1.000000000000000000e+00 -1.000000000000000000e+00
1.709530029296875000e+02 3.214273147583007812e+02 9.162677001953125000e+01 4.654182434082031250e+01
1.748939056396484375e+02 3.187226428985595703e+02 9.520556640625000000e+01 5.054308700561523438e+01
1.754750595092773438e+02 3.196623115539550781e+02 8.995368957519531250e+01 4.762816619873046875e+01
1.773577613830566406e+02 3.185472106933593750e+02 9.232952117919921875e+01 5.059631347656250000e+01
1.723298187255859375e+02 3.179184856414794922e+02 8.998339843750000000e+01 4.714352798461914062e+01
1.745120010375976562e+02 3.183223190307617188e+02 8.675379943847656250e+01 4.627366638183593750e+01
-1.000000000000000000e+00 -1.000000000000000000e+00 -1.000000000000000000e+00 -1.000000000000000000e+00
1.783915786743164062e+02 3.152713069915771484e+02 9.532850646972656250e+01 5.115150833129882812e+01
1.856742973327636719e+02 3.121798191070556641e+02 8.545337677001953125e+01 5.206794357299804688e+01
1.845202255249023438e+02 3.145405502319335938e+02 8.225019836425781250e+01 4.555802917480468750e+01
1.870484390258789062e+02 3.134022579193115234e+02 7.838418579101562500e+01 4.509555435180664062e+01
1.913479690551757812e+02 3.125136127471923828e+02 7.706756591796875000e+01 4.487485885620117188e+01
1.926602134704589844e+02 3.081300640106201172e+02 9.156702423095703125e+01 5.137854385375976562e+01
2.031589698791503906e+02 3.096556625366210938e+02 7.173958587646484375e+01 4.704594421386718750e+01
2.040036697387695312e+02 3.022040710449218750e+02 7.994157409667968750e+01 5.345123291015625000e+01
2.100209503173828125e+02 3.026769218444824219e+02 1.282076110839843750e+02 5.041614532470703125e+01
1.509920730590820312e+02 2.714927940368652344e+02 1.988873748779296875e+02 1.190151748657226562e+02
2.295625877380371094e+02 2.999848480224609375e+02 7.809864044189453125e+01 4.218670654296875000e+01
2.305033035278320312e+02 2.926808223724365234e+02 6.637248229980468750e+01 4.487517166137695312e+01
2.359928283691406250e+02 2.823257122039794922e+02 7.789077758789062500e+01 5.260437393188476562e+01
-1.000000000000000000e+00 -1.000000000000000000e+00 -1.000000000000000000e+00 -1.000000000000000000e+00
2.500525207519531250e+02 2.791675872802734375e+02 1.376128540039062500e+02 5.000642395019531250e+01
2.537200546264648438e+02 2.717132740020751953e+02 1.671505584716796875e+02 5.684470748901367188e+01
3.691938934326171875e+02 3.088700714111328125e+02 5.992761230468750000e+01 4.052287292480468750e+01
2.992718086242675781e+02 2.698190631866455078e+02 1.169821395874023438e+02 5.710577011108398438e+01
3.274450416564941406e+02 2.632303352355957031e+02 1.144150009155273438e+02 5.173946380615234375e+01
3.710177230834960938e+02 3.053359031677246094e+02 5.743534851074218750e+01 4.029654693603515625e+01
-1.000000000000000000e+00 -1.000000000000000000e+00 -1.000000000000000000e+00 -1.000000000000000000e+00
3.650858383178710938e+02 2.721278858184814453e+02 6.829151916503906250e+01 5.865229415893554688e+01
3.721564559936523438e+02 3.026559524536132812e+02 5.636500549316406250e+01 4.039950561523437500e+01
-1.000000000000000000e+00 -1.000000000000000000e+00 -1.000000000000000000e+00 -1.000000000000000000e+00
-1.000000000000000000e+00 -1.000000000000000000e+00 -1.000000000000000000e+00 -1.000000000000000000e+00
3.600081672668457031e+02 2.545531425476074219e+02 1.021541519165039062e+02 4.767761230468750000e+01
3.679727592468261719e+02 2.923860969543457031e+02 5.850189971923828125e+01 4.091993713378906250e+01
-1.000000000000000000e+00 -1.000000000000000000e+00 -1.000000000000000000e+00 -1.000000000000000000e+00
3.668417339324951172e+02 2.850845813751220703e+02 5.705519485473632812e+01 4.120499038696289062e+01
3.663300437927246094e+02 2.863155879974365234e+02 5.694158172607421875e+01 3.938343429565429688e+01
3.274310531616210938e+02 2.474007415771484375e+02 1.163433837890625000e+02 5.938660430908203125e+01
2.885937862396240234e+02 2.590705337524414062e+02 4.845430374145507812e+01 4.456194305419921875e+01
2.870905761718750000e+02 2.491688823699951172e+02 8.517504882812500000e+01 5.456943893432617188e+01
3.654009017944335938e+02 2.840897102355957031e+02 5.863481140136718750e+01 3.848831176757812500e+01
3.624893379211425781e+02 2.637416858673095703e+02 1.008839950561523438e+02 5.646471023559570312e+01
-1.000000000000000000e+00 -1.000000000000000000e+00 -1.000000000000000000e+00 -1.000000000000000000e+00
3.682409038543701172e+02 2.877484836578369141e+02 5.907605361938476562e+01 4.128662490844726562e+01
3.643299560546875000e+02 2.512078628540039062e+02 1.148963928222656250e+02 4.821463775634765625e+01
3.608265075683593750e+02 2.499238891601562500e+02 1.303874511718750000e+02 5.416548919677734375e+01
-1.000000000000000000e+00 -1.000000000000000000e+00 -1.000000000000000000e+00 -1.000000000000000000e+00
-1.000000000000000000e+00 -1.000000000000000000e+00 -1.000000000000000000e+00 -1.000000000000000000e+00
3.847713775634765625e+02 2.449858322143554688e+02 1.209863281250000000e+02 5.056180572509765625e+01
3.772800445556640625e+02 2.798668327331542969e+02 5.978230285644531250e+01 4.413568115234375000e+01
-1.000000000000000000e+00 -1.000000000000000000e+00 -1.000000000000000000e+00 -1.000000000000000000e+00
3.216146831512451172e+02 2.592056713104248047e+02 5.899451065063476562e+01 4.052154159545898438e+01
-1.000000000000000000e+00 -1.000000000000000000e+00 -1.000000000000000000e+00 -1.000000000000000000e+00
3.316282424926757812e+02 2.595047588348388672e+02 1.106166534423828125e+02 4.662736129760742188e+01
-1.000000000000000000e+00 -1.000000000000000000e+00 -1.000000000000000000e+00 -1.000000000000000000e+00
3.374326934814453125e+02 2.371522617340087891e+02 1.597565002441406250e+02 6.275532913208007812e+01
-1.000000000000000000e+00 -1.000000000000000000e+00 -1.000000000000000000e+00 -1.000000000000000000e+00
3.241738357543945312e+02 2.582955646514892578e+02 9.571775817871093750e+01 4.648056411743164062e+01
3.238944396972656250e+02 2.544433021545410156e+02 1.188684997558593750e+02 4.743667602539062500e+01
3.497355957031250000e+02 2.630190525054931641e+02 9.485015869140625000e+01 4.341560745239257812e+01
3.141881408691406250e+02 2.539434833526611328e+02 1.059541473388671875e+02 4.951761245727539062e+01
-1.000000000000000000e+00 -1.000000000000000000e+00 -1.000000000000000000e+00 -1.000000000000000000e+00
3.398898620605468750e+02 2.599955196380615234e+02 1.029832000732421875e+02 4.041186141967773438e+01
-1.000000000000000000e+00 -1.000000000000000000e+00 -1.000000000000000000e+00 -1.000000000000000000e+00
3.609662265777587891e+02 2.768676395416259766e+02 5.591967391967773438e+01 4.404451370239257812e+01
3.062323989868164062e+02 2.532561645507812500e+02 9.177360534667968750e+01 4.613239288330078125e+01
3.096081886291503906e+02 2.576584529876708984e+02 9.484404754638671875e+01 4.024633407592773438e+01
-1.000000000000000000e+00 -1.000000000000000000e+00 -1.000000000000000000e+00 -1.000000000000000000e+00
-1.000000000000000000e+00 -1.000000000000000000e+00 -1.000000000000000000e+00 -1.000000000000000000e+00
3.529525756835937500e+02 2.806554183959960938e+02 5.646646118164062500e+01 3.770345306396484375e+01
-1.000000000000000000e+00 -1.000000000000000000e+00 -1.000000000000000000e+00 -1.000000000000000000e+00
3.007276687622070312e+02 2.501488933563232422e+02 8.482774353027343750e+01 4.621421432495117188e+01
3.452754631042480469e+02 2.762899570465087891e+02 5.876285552978515625e+01 3.946858596801757812e+01
-1.000000000000000000e+00 -1.000000000000000000e+00 -1.000000000000000000e+00 -1.000000000000000000e+00
3.640604190826416016e+02 2.858683452606201172e+02 3.920927047729492188e+01 2.640490341186523438e+01
3.627226638793945312e+02 2.889615678787231445e+02 4.018479156494140625e+01 2.015081596374511719e+01
3.605935325622558594e+02 2.907032861709594727e+02 4.092008972167968750e+01 1.697076225280761719e+01
3.530227470397949219e+02 2.942007002830505371e+02 4.586372375488281250e+01 1.385490131378173828e+01
3.371353206634521484e+02 2.706380290985107422e+02 4.095073318481445312e+01 2.465932846069335938e+01
-1.000000000000000000e+00 -1.000000000000000000e+00 -1.000000000000000000e+00 -1.000000000000000000e+00
3.024769210815429688e+02 2.671277923583984375e+02 6.678974914550781250e+01 3.170455169677734375e+01
2.997087211608886719e+02 2.685201263427734375e+02 8.680828094482421875e+01 3.603520965576171875e+01
3.032611465454101562e+02 2.696853857040405273e+02 8.467219543457031250e+01 3.094291114807128906e+01
-1.000000000000000000e+00 -1.000000000000000000e+00 -1.000000000000000000e+00 -1.000000000000000000e+00
3.029417877197265625e+02 2.695232944488525391e+02 7.732211303710937500e+01 3.247745132446289062e+01
3.012730865478515625e+02 2.698276214599609375e+02 8.668220520019531250e+01 3.510904693603515625e+01
2.993711891174316406e+02 2.667540168762207031e+02 8.632933807373046875e+01 4.151322937011718750e+01
2.942220649719238281e+02 2.652245292663574219e+02 9.402634429931640625e+01 4.365464782714843750e+01
-1.000000000000000000e+00 -1.000000000000000000e+00 -1.000000000000000000e+00 -1.000000000000000000e+00
2.910680923461914062e+02 2.628513622283935547e+02 8.904028320312500000e+01 4.350452804565429688e+01
-1.000000000000000000e+00 -1.000000000000000000e+00 -1.000000000000000000e+00 -1.000000000000000000e+00
2.915659027099609375e+02 2.614990425109863281e+02 8.504042053222656250e+01 4.198007202148437500e+01
-1.000000000000000000e+00 -1.000000000000000000e+00 -1.000000000000000000e+00 -1.000000000000000000e+00
3.041051368713378906e+02 2.602341594696044922e+02 9.934812164306640625e+01 3.730727767944335938e+01
2.912035560607910156e+02 2.578926544189453125e+02 7.914076995849609375e+01 3.960526275634765625e+01
-1.000000000000000000e+00 -1.000000000000000000e+00 -1.000000000000000000e+00 -1.000000000000000000e+00
3.095155067443847656e+02 2.597249011993408203e+02 9.387560272216796875e+01 3.520123672485351562e+01
3.127061309814453125e+02 2.603559875488281250e+02 9.232627868652343750e+01 4.043073272705078125e+01
2.822106666564941406e+02 2.563146896362304688e+02 8.619574737548828125e+01 4.237395477294921875e+01
-1.000000000000000000e+00 -1.000000000000000000e+00 -1.000000000000000000e+00 -1.000000000000000000e+00
-1.000000000000000000e+00 -1.000000000000000000e+00 -1.000000000000000000e+00 -1.000000000000000000e+00
2.817064208984375000e+02 2.552911052703857422e+02 8.689822387695312500e+01 4.256945419311523438e+01
-1.000000000000000000e+00 -1.000000000000000000e+00 -1.000000000000000000e+00 -1.000000000000000000e+00
2.861376190185546875e+02 2.554650020599365234e+02 1.041825256347656250e+02 4.580501937866210938e+01
2.787258834838867188e+02 2.575185737609863281e+02 9.491990661621093750e+01 4.486874389648437500e+01
2.355201854705810547e+02 2.983901233673095703e+02 5.933781814575195312e+01 4.129043960571289062e+01
2.564839000701904297e+02 2.996722335815429688e+02 5.135672378540039062e+01 3.735330963134765625e+01
2.637807865142822266e+02 2.956241436004638672e+02 5.530886459350585938e+01 4.046938705444335938e+01
2.740001907348632812e+02 2.562176589965820312e+02 9.690681457519531250e+01 4.298088073730468750e+01
2.720160331726074219e+02 2.548744621276855469e+02 1.033490371704101562e+02 4.752448272705078125e+01
-1.000000000000000000e+00 -1.000000000000000000e+00 -1.000000000000000000e+00 -1.000000000000000000e+00
-1.000000000000000000e+00 -1.000000000000000000e+00 -1.000000000000000000e+00 -1.000000000000000000e+00
-1.000000000000000000e+00 -1.000000000000000000e+00 -1.000000000000000000e+00 -1.000000000000000000e+00
2.880992469787597656e+02 2.580204753875732422e+02 8.729024505615234375e+01 4.317346572875976562e+01
2.860779228210449219e+02 2.584608249664306641e+02 1.035498123168945312e+02 4.506644821166992188e+01
2.999004516601562500e+02 2.780365753173828125e+02 1.017086181640625000e+02 4.192471313476562500e+01
-1.000000000000000000e+00 -1.000000000000000000e+00 -1.000000000000000000e+00 -1.000000000000000000e+00
-1.000000000000000000e+00 -1.000000000000000000e+00 -1.000000000000000000e+00 -1.000000000000000000e+00
2.478476295471191406e+02 2.688633499145507812e+02 1.104373703002929688e+02 4.109533691406250000e+01
2.672861862182617188e+02 2.577616233825683594e+02 1.166596527099609375e+02 4.632918548583984375e+01
-1.000000000000000000e+00 -1.000000000000000000e+00 -1.000000000000000000e+00 -1.000000000000000000e+00
-1.000000000000000000e+00 -1.000000000000000000e+00 -1.000000000000000000e+00 -1.000000000000000000e+00
2.356827049255371094e+02 2.717016277313232422e+02 1.083864517211914062e+02 3.822310256958007812e+01
2.731484069824218750e+02 2.586859951019287109e+02 1.111160888671875000e+02 4.408385086059570312e+01
2.608703727722167969e+02 2.575712909698486328e+02 1.210748672485351562e+02 4.662618637084960938e+01
2.672510452270507812e+02 2.595769500732421875e+02 1.131617279052734375e+02 4.481735229492187500e+01
2.667298278808593750e+02 2.588057689666748047e+02 1.109469604492187500e+02 4.389014053344726562e+01
2.680211601257324219e+02 2.573794002532958984e+02 1.122969131469726562e+02 4.388917922973632812e+01
2.734223937988281250e+02 2.574592876434326172e+02 1.056987609863281250e+02 4.173947525024414062e+01
-1.000000000000000000e+00 -1.000000000000000000e+00 -1.000000000000000000e+00 -1.000000000000000000e+00
2.734345626831054688e+02 2.565487422943115234e+02 1.076455841064453125e+02 4.313826370239257812e+01
-1.000000000000000000e+00 -1.000000000000000000e+00 -1.000000000000000000e+00 -1.000000000000000000e+00
2.786488418579101562e+02 2.572616348266601562e+02 8.003845214843750000e+01 3.961286926269531250e+01
2.869132652282714844e+02 2.632648506164550781e+02 1.264679489135742188e+02 3.441086578369140625e+01
-1.000000000000000000e+00 -1.000000000000000000e+00 -1.000000000000000000e+00 -1.000000000000000000e+00
2.884678688049316406e+02 2.607600917816162109e+02 1.053324508666992188e+02 3.586566543579101562e+01
3.160169448852539062e+02 2.582926464080810547e+02 1.396280975341796875e+02 4.157997512817382812e+01
2.816750335693359375e+02 2.541767883300781250e+02 9.553082275390625000e+01 4.251643371582031250e+01
-1.000000000000000000e+00 -1.000000000000000000e+00 -1.000000000000000000e+00 -1.000000000000000000e+00
2.850039520263671875e+02 2.501683254241943359e+02 9.358477783203125000e+01 4.215402603149414062e+01
-1.000000000000000000e+00 -1.000000000000000000e+00 -1.000000000000000000e+00 -1.000000000000000000e+00
2.860034866333007812e+02 2.484412479400634766e+02 9.771928405761718750e+01 4.296535873413085938e+01
2.871991577148437500e+02 2.474669456481933594e+02 9.737246704101562500e+01 4.302144622802734375e+01
2.910131034851074219e+02 2.466260471343994141e+02 9.163819122314453125e+01 4.086225509643554688e+01
2.917201957702636719e+02 2.425790920257568359e+02 9.615030670166015625e+01 4.500113296508789062e+01
2.971564102172851562e+02 2.442041244506835938e+02 1.319416656494140625e+02 4.630792236328125000e+01
-1.000000000000000000e+00 -1.000000000000000000e+00 -1.000000000000000000e+00 -1.000000000000000000e+00
2.975837783813476562e+02 2.435711994171142578e+02 1.184185028076171875e+02 4.296732711791992188e+01
2.897246017456054688e+02 2.480875167846679688e+02 8.633624267578125000e+01 3.940097045898437500e+01
-1.000000000000000000e+00 -1.000000000000000000e+00 -1.000000000000000000e+00 -1.000000000000000000e+00
-1.000000000000000000e+00 -1.000000000000000000e+00 -1.000000000000000000e+00 -1.000000000000000000e+00
2.898112602233886719e+02 2.466860198974609375e+02 9.859798431396484375e+01 3.811827087402343750e+01
2.914423522949218750e+02 2.501019268035888672e+02 8.894943237304687500e+01 3.592621231079101562e+01
2.863426437377929688e+02 2.444782733917236328e+02 9.635354614257812500e+01 4.514115524291992188e+01
2.868152694702148438e+02 2.470709285736083984e+02 8.009278869628906250e+01 3.979355239868164062e+01
-1.000000000000000000e+00 -1.000000000000000000e+00 -1.000000000000000000e+00 -1.000000000000000000e+00
2.830182800292968750e+02 2.455860710144042969e+02 9.113725280761718750e+01 4.302822113037109375e+01
2.835911407470703125e+02 2.471991519927978516e+02 7.916784667968750000e+01 3.821256637573242188e+01
2.764714431762695312e+02 2.452777824401855469e+02 9.744676208496093750e+01 4.152298736572265625e+01
-1.000000000000000000e+00 -1.000000000000000000e+00 -1.000000000000000000e+00 -1.000000000000000000e+00
2.211680068969726562e+02 2.512070178985595703e+02 1.381450958251953125e+02 4.212972640991210938e+01
1.767725067138671875e+02 2.532154674530029297e+02 1.775767822265625000e+02 4.877206802368164062e+01
2.861139717102050781e+02 2.440996437072753906e+02 8.197582244873046875e+01 3.272478485107421875e+01
2.836176795959472656e+02 2.443057327270507812e+02 7.504642486572265625e+01 3.424960327148437500e+01
-1.000000000000000000e+00 -1.000000000000000000e+00 -1.000000000000000000e+00 -1.000000000000000000e+00
-1.000000000000000000e+00 -1.000000000000000000e+00 -1.000000000000000000e+00 -1.000000000000000000e+00
3.033314971923828125e+02 2.380609779357910156e+02 9.709736633300781250e+01 4.232053375244140625e+01
-1.000000000000000000e+00 -1.000000000000000000e+00 -1.000000000000000000e+00 -1.000000000000000000e+00
2.347337951660156250e+02 2.527921466827392578e+02 1.639376983642578125e+02 6.082621383666992188e+01
-1.000000000000000000e+00 -1.000000000000000000e+00 -1.000000000000000000e+00 -1.000000000000000000e+00
2.554602813720703125e+02 2.506304798126220703e+02 1.731847686767578125e+02 4.373676681518554688e+01
2.476094818115234375e+02 2.538808803558349609e+02 1.696302642822265625e+02 6.059952163696289062e+01
2.679610366821289062e+02 2.512544155120849609e+02 1.689471130371093750e+02 5.418161392211914062e+01
2.844195327758789062e+02 2.528182563781738281e+02 1.616168823242187500e+02 6.147602081298828125e+01
2.869467773437500000e+02 2.460835781097412109e+02 9.946980285644531250e+01 3.718024063110351562e+01
-1.000000000000000000e+00 -1.000000000000000000e+00 -1.000000000000000000e+00 -1.000000000000000000e+00
3.136119003295898438e+02 2.536762638092041016e+02 1.348753967285156250e+02 5.061465072631835938e+01
2.693222122192382812e+02 2.433824596405029297e+02 8.766709899902343750e+01 4.020341873168945312e+01
2.708888435363769531e+02 2.441544456481933594e+02 8.482447052001953125e+01 4.051911163330078125e+01
2.736567764282226562e+02 2.464934253692626953e+02 7.332897949218750000e+01 3.746506881713867188e+01
2.729331588745117188e+02 2.482135391235351562e+02 7.372071838378906250e+01 3.674674987792968750e+01
2.613058853149414062e+02 2.560419044494628906e+02 1.319518432617187500e+02 5.525457000732421875e+01
2.706082954406738281e+02 2.437182025909423828e+02 1.009244155883789062e+02 4.232076644897460938e+01
2.684181671142578125e+02 2.430222568511962891e+02 1.017965850830078125e+02 4.269135665893554688e+01
-1.000000000000000000e+00 -1.000000000000000000e+00 -1.000000000000000000e+00 -1.000000000000000000e+00
2.748177185058593750e+02 2.414148292541503906e+02 1.019243927001953125e+02 4.340489959716796875e+01
-1.000000000000000000e+00 -1.000000000000000000e+00 -1.000000000000000000e+00 -1.000000000000000000e+00
2.631769256591796875e+02 2.391817092895507812e+02 1.092885589599609375e+02 4.352857971191406250e+01
3.114824371337890625e+02 2.430159435272216797e+02 8.663352966308593750e+01 4.315475845336914062e+01
2.612464523315429688e+02 2.388410511016845703e+02 1.159895935058593750e+02 4.836118698120117188e+01
3.197866134643554688e+02 2.588924961090087891e+02 7.101898193359375000e+01 4.497567367553710938e+01
-1.000000000000000000e+00 -1.000000000000000000e+00 -1.000000000000000000e+00 -1.000000000000000000e+00
2.662147483825683594e+02 2.389578247070312500e+02 1.112530136108398438e+02 4.606143188476562500e+01
3.211430492401123047e+02 2.570883636474609375e+02 5.936946487426757812e+01 4.781814575195312500e+01
3.237616176605224609e+02 2.468078289031982422e+02 5.717123794555664062e+01 5.033269119262695312e+01
3.243710098266601562e+02 2.648346023559570312e+02 5.295397949218750000e+01 3.823976135253906250e+01
3.256956367492675781e+02 2.614866342544555664e+02 5.161824798583984375e+01 2.770515251159667969e+01
3.259351577758789062e+02 2.649580230712890625e+02 4.908663940429687500e+01 3.544442749023437500e+01
2.756988449096679688e+02 2.446761589050292969e+02 6.790212249755859375e+01 3.571662902832031250e+01
-1.000000000000000000e+00 -1.000000000000000000e+00 -1.000000000000000000e+00 -1.000000000000000000e+00
-1.000000000000000000e+00 -1.000000000000000000e+00 -1.000000000000000000e+00 -1.000000000000000000e+00
-1.000000000000000000e+00 -1.000000000000000000e+00 -1.000000000000000000e+00 -1.000000000000000000e+00
-1.000000000000000000e+00 -1.000000000000000000e+00 -1.000000000000000000e+00 -1.000000000000000000e+00
2.276193046569824219e+02 2.599090366363525391e+02 1.124858245849609375e+02 3.989470291137695312e+01
2.714387512207031250e+02 2.404389419555664062e+02 1.038396987915039062e+02 5.102704620361328125e+01
2.942640151977539062e+02 2.406049041748046875e+02 9.198482513427734375e+01 5.068831634521484375e+01
-1.000000000000000000e+00 -1.000000000000000000e+00 -1.000000000000000000e+00 -1.000000000000000000e+00
-1.000000000000000000e+00 -1.000000000000000000e+00 -1.000000000000000000e+00 -1.000000000000000000e+00
-1.000000000000000000e+00 -1.000000000000000000e+00 -1.000000000000000000e+00 -1.000000000000000000e+00
2.567202072143554688e+02 2.600205974578857422e+02 1.051178054809570312e+02 3.234743881225585938e+01
-1.000000000000000000e+00 -1.000000000000000000e+00 -1.000000000000000000e+00 -1.000000000000000000e+00
-1.000000000000000000e+00 -1.000000000000000000e+00 -1.000000000000000000e+00 -1.000000000000000000e+00
-1.000000000000000000e+00 -1.000000000000000000e+00 -1.000000000000000000e+00 -1.000000000000000000e+00
2.087481575012207031e+02 2.524320240020751953e+02 1.656743011474609375e+02 5.203717422485351562e+01
2.050280799865722656e+02 2.474677124023437500e+02 2.122628326416015625e+02 6.581583404541015625e+01
-1.000000000000000000e+00 -1.000000000000000000e+00 -1.000000000000000000e+00 -1.000000000000000000e+00
2.183428764343261719e+02 2.353202667236328125e+02 1.656284179687500000e+02 4.645523834228515625e+01
2.256549797058105469e+02 2.552435474395751953e+02 1.870946350097656250e+02 5.063425064086914062e+01
2.246585350036621094e+02 2.521362113952636719e+02 1.611622924804687500e+02 5.668800354003906250e+01
-1.000000000000000000e+00 -1.000000000000000000e+00 -1.000000000000000000e+00 -1.000000000000000000e+00
2.473195610046386719e+02 2.515303535461425781e+02 1.790675354003906250e+02 4.217474365234375000e+01
2.367375679016113281e+02 2.491577873229980469e+02 1.656461944580078125e+02 5.777836608886718750e+01
2.510735893249511719e+02 2.539937400817871094e+02 2.076768188476562500e+02 5.187623596191406250e+01
2.443604316711425781e+02 2.575754718780517578e+02 1.557604217529296875e+02 5.028451919555664062e+01
2.684262657165527344e+02 2.522635574340820312e+02 1.395498046875000000e+02 5.513265228271484375e+01
2.487022895812988281e+02 2.540300006866455078e+02 1.647454681396484375e+02 5.132428359985351562e+01
1.887125968933105469e+02 2.459708518981933594e+02 2.374638061523437500e+02 6.632850646972656250e+01
-1.000000000000000000e+00 -1.000000000000000000e+00 -1.000000000000000000e+00 -1.000000000000000000e+00
2.613930091857910156e+02 2.492834320068359375e+02 1.403976593017578125e+02 5.437003326416015625e+01
2.725058288574218750e+02 2.497502460479736328e+02 1.121148910522460938e+02 4.373434829711914062e+01
-1.000000000000000000e+00 -1.000000000000000000e+00 -1.000000000000000000e+00 -1.000000000000000000e+00
2.142836036682128906e+02 2.321027107238769531e+02 1.729310607910156250e+02 7.440756225585937500e+01
1.939682350158691406e+02 2.398434829711914062e+02 1.638424377441406250e+02 4.496212005615234375e+01
-1.000000000000000000e+00 -1.000000000000000000e+00 -1.000000000000000000e+00 -1.000000000000000000e+00
2.067982597351074219e+02 2.532466945648193359e+02 1.404804840087890625e+02 5.949056625366210938e+01
1.826447105407714844e+02 2.478853034973144531e+02 1.740738983154296875e+02 6.466326904296875000e+01
1.422380638122558878e+02 2.433342628479003906e+02 2.081298370361327841e+02 7.017062377929687500e+01
1.047903175354003906e+02 2.395584335327148438e+02 2.009503784179687500e+02 7.663652801513671875e+01
1.362860221862792969e+02 2.419036731719970703e+02 1.708061370849609375e+02 5.058920669555664062e+01
2.299025230407714844e+02 2.546296863555908203e+02 1.411721343994140625e+02 6.287985610961914062e+01
1.392507057189941406e+02 2.436288681030273438e+02 2.437274169921875000e+02 7.362905120849609375e+01
1.542647285461425781e+02 2.441684799194335938e+02 2.706590881347656250e+02 7.654140472412109375e+01
-1.000000000000000000e+00 -1.000000000000000000e+00 -1.000000000000000000e+00 -1.000000000000000000e+00
-1.000000000000000000e+00 -1.000000000000000000e+00 -1.000000000000000000e+00 -1.000000000000000000e+00
2.737871513366699219e+02 2.524246292114257812e+02 2.243456878662109375e+02 6.066417694091796875e+01
2.615518074035644531e+02 2.561205120086669922e+02 1.898689270019531250e+02 6.066981124877929688e+01
2.808498649597167969e+02 2.565756740570068359e+02 1.725459136962890625e+02 6.077083969116210938e+01
2.318676109313964844e+02 2.481361961364746094e+02 2.213195953369140625e+02 7.341233825683593750e+01
2.476057853698730469e+02 2.500442161560058594e+02 2.129388275146484375e+02 7.141578674316406250e+01
2.801335029602050781e+02 2.514785728454589844e+02 1.885611267089843750e+02 6.457841491699218750e+01
2.717550544738769531e+02 2.492950973510742188e+02 1.953397827148437500e+02 7.092818450927734375e+01
-1.000000000000000000e+00 -1.000000000000000000e+00 -1.000000000000000000e+00 -1.000000000000000000e+00
2.935016746520996094e+02 2.500186614990234375e+02 1.898478851318359375e+02 7.034290313720703125e+01
3.081827812194824219e+02 2.501621475219726562e+02 1.750331573486328125e+02 6.930010223388671875e+01
3.178223533630371094e+02 2.497658653259277344e+02 1.888039703369140625e+02 7.083024597167968750e+01
-1.000000000000000000e+00 -1.000000000000000000e+00 -1.000000000000000000e+00 -1.000000000000000000e+00
3.414485130310058594e+02 2.483017921447753906e+02 1.706932525634765625e+02 7.194058227539062500e+01
-1.000000000000000000e+00 -1.000000000000000000e+00 -1.000000000000000000e+00 -1.000000000000000000e+00
3.687924156188964844e+02 2.527534065246582031e+02 1.494964141845703125e+02 6.249569702148437500e+01
3.721762962341308594e+02 2.487965278625488281e+02 1.708017730712890625e+02 7.046530151367187500e+01
3.741213417053222656e+02 2.475309715270996094e+02 1.763179016113281250e+02 7.087660217285156250e+01
3.787925682067871094e+02 2.469054069519042969e+02 1.854608917236328125e+02 7.141539001464843750e+01
3.957416343688964844e+02 2.490012893676757812e+02 1.743298187255859375e+02 6.968929290771484375e+01
4.165200004577636719e+02 2.523868255615234375e+02 1.654799995422363281e+02 6.546390533447265625e+01
3.941224575042724609e+02 2.459133014678955078e+02 1.865275878906250000e+02 6.385477066040039062e+01
4.388050670623779297e+02 2.508708000183105469e+02 1.431949329376220703e+02 6.614189147949218750e+01
3.847871389389038086e+02 2.469671440124511719e+02 1.439561004638671875e+02 5.222560119628906250e+01
4.698866910934448242e+02 2.544844036102294922e+02 1.121133089065551758e+02 6.342676925659179688e+01
-1.000000000000000000e+00 -1.000000000000000000e+00 -1.000000000000000000e+00 -1.000000000000000000e+00
-1.000000000000000000e+00 -1.000000000000000000e+00 -1.000000000000000000e+00 -1.000000000000000000e+00
3.969981627464294434e+02 2.476703128814697266e+02 1.714460754394531250e+02 6.209389114379882812e+01
-1.000000000000000000e+00 -1.000000000000000000e+00 -1.000000000000000000e+00 -1.000000000000000000e+00
-1.000000000000000000e+00 -1.000000000000000000e+00 -1.000000000000000000e+00 -1.000000000000000000e+00
-1.000000000000000000e+00 -1.000000000000000000e+00 -1.000000000000000000e+00 -1.000000000000000000e+00
3.269028944969177246e+02 2.531535491943359375e+02 1.901410675048828125e+02 5.907987213134765625e+01
2.624595351219177246e+02 2.541216297149658203e+02 1.809050750732421875e+02 5.045776748657226562e+01
1.900389876365661621e+02 2.600660552978515625e+02 2.121952667236328125e+02 6.686850738525390625e+01
1.475360121726989746e+02 2.489099254608154297e+02 1.427587127685546875e+02 4.054429244995117188e+01
2.155334334373474121e+02 2.699987812042236328e+02 1.546202545166015625e+02 5.489838027954101562e+01
-1.000000000000000000e+00 -1.000000000000000000e+00 -1.000000000000000000e+00 -1.000000000000000000e+00
-1.000000000000000000e+00 -1.000000000000000000e+00 -1.000000000000000000e+00 -1.000000000000000000e+00
-1.000000000000000000e+00 -1.000000000000000000e+00 -1.000000000000000000e+00 -1.000000000000000000e+00
2.704911589622497559e+02 2.672838783264160156e+02 1.388402709960937500e+02 4.113272094726562500e+01
2.523517775535583496e+02 2.652035255432128906e+02 2.146314239501953125e+02 6.805895996093750000e+01
2.429276976585388184e+02 2.632985515594482422e+02 1.653786926269531250e+02 4.643333053588867188e+01
2.313311247825622559e+02 2.623374176025390625e+02 1.594996643066406250e+02 4.689694976806640625e+01
2.956685194969177246e+02 2.666801261901855469e+02 1.401822967529296875e+02 4.642662048339843750e+01
2.979259505271911621e+02 2.641309890747070312e+02 2.175958099365234375e+02 6.833037567138671875e+01
3.182094969749450684e+02 2.660601959228515625e+02 1.969363708496093750e+02 6.411954498291015625e+01
-1.000000000000000000e+00 -1.000000000000000000e+00 -1.000000000000000000e+00 -1.000000000000000000e+00
-1.000000000000000000e+00 -1.000000000000000000e+00 -1.000000000000000000e+00 -1.000000000000000000e+00
-1.000000000000000000e+00 -1.000000000000000000e+00 -1.000000000000000000e+00 -1.000000000000000000e+00
3.589389510154724121e+02 2.629605331420898438e+02 2.014158172607421875e+02 6.414876556396484375e+01
3.841046919822692871e+02 2.618627700805664062e+02 1.818901824951171875e+02 6.321562957763671875e+01
3.767387785911560059e+02 2.749661350250244141e+02 2.034294738769531250e+02 6.173787307739257812e+01
4.067277846336364746e+02 2.639620609283447266e+02 1.637363739013671875e+02 5.047066116333007812e+01
4.019959502220153809e+02 2.662690963745117188e+02 1.794153442382812500e+02 6.042983245849609375e+01
4.111006941795349121e+02 2.644649143218994141e+02 1.664765777587890625e+02 6.119322586059570312e+01
-1.000000000000000000e+00 -1.000000000000000000e+00 -1.000000000000000000e+00 -1.000000000000000000e+00
4.321893897056579590e+02 2.720650100708007812e+02 1.070261154174804688e+02 5.384044647216796875e+01
4.192969145774841309e+02 2.743160800933837891e+02 1.341228027343750000e+02 4.096358108520507812e+01
4.415384612083435059e+02 2.675116844177246094e+02 1.336553344726562500e+02 4.576139831542968750e+01
4.660990614891052246e+02 2.743734855651855469e+02 1.159009385108947754e+02 5.090547180175781250e+01
4.059037101268768311e+02 2.613226509094238281e+02 1.469525451660156250e+02 4.748422241210937500e+01
4.029449317455291748e+02 2.674395656585693359e+02 1.732990875244140625e+02 4.636172103881835938e+01
-1.000000000000000000e+00 -1.000000000000000000e+00 -1.000000000000000000e+00 -1.000000000000000000e+00
-1.000000000000000000e+00 -1.000000000000000000e+00 -1.000000000000000000e+00 -1.000000000000000000e+00
3.984593818187713623e+02 2.688149566650390625e+02 1.418954925537109375e+02 4.321610260009765625e+01
3.923233573436737061e+02 2.725525341033935547e+02 1.675610961914062500e+02 4.303553390502929688e+01
4.872053992748260498e+02 2.647953548431396484e+02 9.479460072517395020e+01 5.171310043334960938e+01
-1.000000000000000000e+00 -1.000000000000000000e+00 -1.000000000000000000e+00 -1.000000000000000000e+00
-1.000000000000000000e+00 -1.000000000000000000e+00 -1.000000000000000000e+00 -1.000000000000000000e+00
4.747979472875595093e+02 2.721472015380859375e+02 9.787650299072265625e+01 3.859561920166015625e+01
4.965612491369247437e+02 2.679480991363525391e+02 8.543875086307525635e+01 5.116293716430664062e+01
4.967292825579643250e+02 2.671613006591796875e+02 8.527071744203567505e+01 5.012886810302734375e+01
5.003637753427028656e+02 2.669613494873046875e+02 8.163622465729713440e+01 5.172847747802734375e+01
4.629176245182752609e+02 2.619865131378173828e+02 9.246324920654296875e+01 4.474895095825195312e+01
-1.000000000000000000e+00 -1.000000000000000000e+00 -1.000000000000000000e+00 -1.000000000000000000e+00
4.645921049565076828e+02 2.646301651000976562e+02 1.088894042968750000e+02 6.896213531494140625e+01
3.978296843022108078e+02 2.492381134033203125e+02 1.602347412109375000e+02 7.012587738037109375e+01
-1.000000000000000000e+00 -1.000000000000000000e+00 -1.000000000000000000e+00 -1.000000000000000000e+00
2.794053602665662766e+02 2.558896713256835938e+02 2.421647491455078125e+02 8.582981109619140625e+01
-1.000000000000000000e+00 -1.000000000000000000e+00 -1.000000000000000000e+00 -1.000000000000000000e+00
3.136863432377576828e+02 2.545779991149902344e+02 2.205360107421875000e+02 8.195022583007812500e+01
3.298750029057264328e+02 2.589722709655761719e+02 2.115028686523437500e+02 7.660302734375000000e+01
3.310446196049451828e+02 2.605693359375000000e+02 2.161069946289062500e+02 6.430641937255859375e+01
-1.000000000000000000e+00 -1.000000000000000000e+00 -1.000000000000000000e+00 -1.000000000000000000e+00
3.753614302128553391e+02 2.624464836120605469e+02 2.017029876708984375e+02 7.140780639648437500e+01
-1.000000000000000000e+00 -1.000000000000000000e+00 -1.000000000000000000e+00 -1.000000000000000000e+00
3.984956541508436203e+02 2.570310249328613281e+02 1.825627746582031250e+02 7.731590270996093750e+01
-1.000000000000000000e+00 -1.000000000000000000e+00 -1.000000000000000000e+00 -1.000000000000000000e+00
3.517170973271131516e+02 2.550459251403808594e+02 1.969917755126953125e+02 7.214779663085937500e+01
4.322915297001600266e+02 2.563721923828125000e+02 1.470825958251953125e+02 7.562581634521484375e+01
4.448006773442029953e+02 2.636833114624023438e+02 1.371993226557970047e+02 7.605509185791015625e+01
4.523099303469061852e+02 2.568493003845214844e+02 9.826226806640625000e+01 7.446789550781250000e+01
-1.000000000000000000e+00 -1.000000000000000000e+00 -1.000000000000000000e+00 -1.000000000000000000e+00
-1.000000000000000000e+00 -1.000000000000000000e+00 -1.000000000000000000e+00 -1.000000000000000000e+00
4.140452895388007164e+02 2.724133148193359375e+02 9.280418395996093750e+01 4.213500213623046875e+01
3.924851775392889977e+02 2.657849617004394531e+02 1.476319580078125000e+02 5.449305725097656250e+01
3.671514754518866539e+02 2.711638908386230469e+02 2.148485245481133461e+02 5.955395507812500000e+01
3.966884582154452801e+02 2.751164665222167969e+02 8.653765106201171875e+01 3.883734130859375000e+01
3.764720542542636395e+02 2.734423027038574219e+02 1.039714050292968750e+02 3.115086364746093750e+01
3.737229430787265301e+02 2.738527336120605469e+02 1.096827316284179688e+02 3.701937866210937500e+01
2.910172774903476238e+02 2.564100074768066406e+02 1.368929443359375000e+02 4.241496276855468750e+01
3.631510322205722332e+02 2.679182929992675781e+02 1.058730850219726562e+02 4.596772766113281250e+01
3.553080718629062176e+02 2.679007282257080078e+02 1.018261260986328125e+02 4.375062942504882812e+01
3.474699599854648113e+02 2.671509437561035156e+02 1.073236389160156250e+02 4.522962951660156250e+01
-1.000000000000000000e+00 -1.000000000000000000e+00 -1.000000000000000000e+00 -1.000000000000000000e+00
3.260470855347812176e+02 2.622761669158935547e+02 1.283879852294921875e+02 4.782271957397460938e+01
3.097641341798007488e+02 2.601539821624755859e+02 1.374887695312500000e+02 4.800907516479492188e+01
-1.000000000000000000e+00 -1.000000000000000000e+00 -1.000000000000000000e+00 -1.000000000000000000e+00
2.610197112672030926e+02 2.633102531433105469e+02 1.233640747070312500e+02 3.790567016601562500e+01
2.760007751099765301e+02 2.647605209350585938e+02 1.205751953125000000e+02 3.479779815673828125e+01
2.959639976136386395e+02 2.680023632049560547e+02 1.168938674926757812e+02 3.373287582397460938e+01
3.033708312623202801e+02 2.694065017700195312e+02 1.338796691894531250e+02 3.431676483154296875e+01
2.951796996705234051e+02 2.643498916625976562e+02 1.101023254394531250e+02 4.109856414794921875e+01
2.950606429688632488e+02 2.689133872985839844e+02 1.444325408935546875e+02 4.194148254394531250e+01
-1.000000000000000000e+00 -1.000000000000000000e+00 -1.000000000000000000e+00 -1.000000000000000000e+00
3.058490111939609051e+02 2.701761875152587891e+02 1.571537475585937500e+02 4.230788040161132812e+01
-1.000000000000000000e+00 -1.000000000000000000e+00 -1.000000000000000000e+00 -1.000000000000000000e+00
2.266587722413241863e+02 2.635126628875732422e+02 1.343068542480468750e+02 5.244898605346679688e+01
-1.000000000000000000e+00 -1.000000000000000000e+00 -1.000000000000000000e+00 -1.000000000000000000e+00
2.048425300233066082e+02 2.727673072814941406e+02 1.121583938598632812e+02 4.322213745117187500e+01
-1.000000000000000000e+00 -1.000000000000000000e+00 -1.000000000000000000e+00 -1.000000000000000000e+00
1.822720420472323895e+02 2.710444927215576172e+02 1.114855117797851562e+02 4.633250045776367188e+01
1.413344543091952801e+02 2.679915637969970703e+02 1.428613739013671875e+02 4.397873306274414062e+01
1.705571906678378582e+02 2.749374980926513672e+02 9.667990875244140625e+01 3.972883224487304688e+01
1.598578574769198895e+02 2.708759708404541016e+02 1.013101119995117188e+02 4.596182632446289062e+01
1.358655669800937176e+02 2.707353591918945312e+02 1.027602539062500000e+02 4.233090972900390625e+01
-1.000000000000000000e+00 -1.000000000000000000e+00 -1.000000000000000000e+00 -1.000000000000000000e+00
1.404990394227206707e+02 2.245238952636718750e+02 1.143980636596679688e+02 4.644657135009765625e+01
4.118575740978121758e+01 2.586506633758544922e+02 1.409630889892578125e+02 5.068537521362304688e+01
6.663216091319918633e+01 2.613277931213378906e+02 1.657464294433593750e+02 4.601342773437500000e+01
-1.000000000000000000e+00 -1.000000000000000000e+00 -1.000000000000000000e+00 -1.000000000000000000e+00
1.221617324464023113e+02 2.328316230773925781e+02 1.910685424804687500e+02 5.572299194335937500e+01
6.892265773937106133e+01 2.592011890411376953e+02 1.586674804687500000e+02 5.301877212524414062e+01
7.061624599620699883e+01 2.604359359741210938e+02 1.937701110839843750e+02 5.707860565185546875e+01
-1.000000000000000000e+00 -1.000000000000000000e+00 -1.000000000000000000e+00 -1.000000000000000000e+00
1.492009017579257488e+02 2.626985397338867188e+02 1.948237609863281250e+02 5.436876678466796875e+01
1.387959563843905926e+02 2.677902641296386719e+02 1.958858184814453125e+02 5.096531677246093750e+01
1.494564483277499960e+02 2.681805267333984375e+02 1.861972503662109091e+02 4.976752471923828125e+01
5.441230465099212665e+01 2.484627189636230469e+02 2.021375579833984659e+02 7.508335876464843750e+01
0.000000000000000000e+00 2.625196914672851562e+02 7.620896984264254570e+01 5.298177337646484375e+01
5.282074337825179100e+00 2.619083766937255859e+02 1.160950469970703125e+02 5.357589340209960938e+01
-1.000000000000000000e+00 -1.000000000000000000e+00 -1.000000000000000000e+00 -1.000000000000000000e+00
8.068712652288377285e+01 2.219438743591308594e+02 1.426315002441406250e+02 5.479406738281250000e+01
5.848075140081348877e+01 2.195637092590332031e+02 1.689286193847656250e+02 8.293949890136718750e+01
0.000000000000000000e+00 2.763691291809082031e+02 2.341136096771806763e+02 1.113754119873046875e+02
3.829385775607079268e+01 2.641471195220947266e+02 1.546660919189453125e+02 5.502115249633789062e+01
5.504410952609032393e+01 2.509042072296142578e+02 1.788481750488281250e+02 5.749809646606445312e+01
6.085321444552391768e+01 2.593495941162109375e+02 1.912657318115234375e+02 7.302687835693359375e+01
-1.000000000000000000e+00 -1.000000000000000000e+00 -1.000000000000000000e+00 -1.000000000000000000e+00
6.054207247775048018e+01 2.674240493774414062e+02 1.427754669189453125e+02 4.996402740478515625e+01
-1.000000000000000000e+00 -1.000000000000000000e+00 -1.000000000000000000e+00 -1.000000000000000000e+00
1.094664422897621989e+02 2.139987926483154297e+02 1.747904052734375000e+02 5.495667648315429688e+01
6.853583163302391768e+01 2.547963085174560547e+02 1.435714874267578125e+02 4.670331954956054688e+01
8.075889987032860518e+01 2.493476428985595703e+02 1.322403717041015625e+02 4.307544326782226562e+01
9.150108355563133955e+01 2.536573915481567383e+02 1.108533554077148438e+02 3.117078971862792969e+01
9.546989840548485518e+01 2.433506603240966797e+02 1.015789489746093750e+02 4.281631088256835938e+01
9.175766009371727705e+01 2.510588026046752930e+02 1.167618179321289062e+02 2.947595405578613281e+01
6.789576357882469893e+01 2.632222251892089844e+02 1.575305633544921875e+02 5.239370727539062500e+01
6.151161593478173018e+01 2.633691864013671875e+02 1.620781860351562500e+02 5.057869720458984375e+01
-1.000000000000000000e+00 -1.000000000000000000e+00 -1.000000000000000000e+00 -1.000000000000000000e+00
1.081056711105629802e+02 2.491347427368164062e+02 1.056003723144531250e+02 3.377149200439453125e+01
1.056591417221352458e+02 2.528115949630737305e+02 1.042980728149414062e+02 3.115065193176269531e+01
1.072572824386879802e+02 2.557694187164306641e+02 9.809771728515625000e+01 4.009587478637695312e+01
7.742048281710594893e+01 2.613153820037841797e+02 1.584367065429687500e+02 5.521387863159179688e+01
-1.000000000000000000e+00 -1.000000000000000000e+00 -1.000000000000000000e+00 -1.000000000000000000e+00
1.129883233932778523e+02 2.468320941925048828e+02 1.007332458496093750e+02 3.376828384399414062e+01
-1.000000000000000000e+00 -1.000000000000000000e+00 -1.000000000000000000e+00 -1.000000000000000000e+00
8.334652346652003985e+01 2.589640045166015625e+02 1.639531555175781250e+02 5.723416900634765625e+01
8.302833956759423018e+01 2.637971954345703125e+02 1.624110870361328125e+02 4.963599395751953125e+01
8.302854556124657393e+01 2.592933921813964844e+02 1.760681762695312500e+02 5.393275451660156250e+01
1.161951562790199830e+02 2.544271087646484375e+02 1.646206970214844034e+02 4.425400543212890625e+01
1.150221673874184489e+02 2.584596023559570312e+02 1.293633422851562500e+02 3.784697723388671875e+01
1.078925439743325114e+02 2.616819934844970703e+02 1.206738281250000000e+02 3.474454116821289062e+01
8.662260073702782393e+01 2.630934982299804688e+02 1.686870727539062500e+02 5.683797454833984375e+01
-1.000000000000000000e+00 -1.000000000000000000e+00 -1.000000000000000000e+00 -1.000000000000000000e+00
7.927542513888329268e+01 2.638994121551513672e+02 1.767972564697265625e+02 5.355210494995117188e+01
1.592195779709145143e+02 2.536166629791259766e+02 1.813672027587890909e+02 5.048930740356445312e+01
-1.000000000000000000e+00 -1.000000000000000000e+00 -1.000000000000000000e+00 -1.000000000000000000e+00
1.305816766647621989e+02 2.570940456390380859e+02 1.433700256347656250e+02 4.464712142944335938e+01
7.989033907931298018e+01 2.582444133758544922e+02 1.922069854736328125e+02 5.978989791870117188e+01
1.360716287521645427e+02 2.595195560455322266e+02 1.552326812744140625e+02 4.395640945434570312e+01
1.353655664352700114e+02 2.569273185729980469e+02 1.246094970703125000e+02 4.295246887207031250e+01
1.321608545212075114e+02 2.620304317474365234e+02 1.201638183593750000e+02 3.450100326538085938e+01
1.417134363083168864e+02 2.640592346191406250e+02 1.190423278808593750e+02 3.268683624267578125e+01
-1.000000000000000000e+00 -1.000000000000000000e+00 -1.000000000000000000e+00 -1.000000000000000000e+00
1.139023248581215739e+02 2.610595054626464844e+02 1.627973937988281250e+02 5.985780334472656250e+01
-1.000000000000000000e+00 -1.000000000000000000e+00 -1.000000000000000000e+00 -1.000000000000000000e+00
1.211786920456215739e+02 2.638383464813232422e+02 1.358370666503906250e+02 5.622233200073242188e+01
5.139899081271141768e+01 2.651461639404296875e+02 1.682866363525390625e+02 5.625074005126953125e+01
4.016694277804342050e+01 2.666309680938720703e+02 1.441493225097656250e+02 5.704272842407226562e+01
3.398098391573873300e+01 2.319157028198242188e+02 2.419536437988281534e+02 8.174230194091796875e+01
1.359753839401528239e+02 2.377581539154052734e+02 1.732817382812500000e+02 5.010940170288085938e+01
1.415249368576332927e+02 2.559032554626464844e+02 1.253405609130859375e+02 3.783586120605468750e+01
-1.000000000000000000e+00 -1.000000000000000000e+00 -1.000000000000000000e+00 -1.000000000000000000e+00
-1.000000000000000000e+00 -1.000000000000000000e+00 -1.000000000000000000e+00 -1.000000000000000000e+00
9.106013888400048018e+01 2.555422859191894531e+02 1.385125579833984375e+02 6.130313110351562500e+01
1.259665033249184489e+02 2.554661254882812500e+02 1.643420104980468750e+02 4.023999786376953125e+01
5.511420077364891768e+01 2.593187713623046875e+02 1.515258483886718750e+02 5.059741973876953125e+01
5.281589907687157393e+01 2.605784969329833984e+02 1.841967620849609375e+02 6.341204452514648438e+01
-1.000000000000000000e+00 -1.000000000000000000e+00 -1.000000000000000000e+00 -1.000000000000000000e+00
7.794349307101219893e+01 2.620206527709960938e+02 1.872723236083984375e+02 6.161174774169921875e+01
9.124792117159813643e+01 2.645432415008544922e+02 1.988866119384765625e+02 6.003690719604492188e+01
1.206083261398598552e+02 2.513878288269042969e+02 1.715049743652343750e+02 5.396931457519531250e+01
