6.250000000000000000e+02 6.250000000000000000e+02 6.250000000000000000e+02 6.250000000000000000e+02
6.257367076873779297e+02 1.653537750244140625e+02 4.435164260864257812e+01 8.961888122558593750e+01
6.255174560546875000e+02 1.631264266967773438e+02 4.429347229003906250e+01 8.914561462402343750e+01
6.247739315032958984e+02 1.628130989074707031e+02 4.408591079711914062e+01 8.877266693115234375e+01
6.252902565002441406e+02 1.623514709472656250e+02 4.409690093994140625e+01 8.858325195312500000e+01
6.252685031890869141e+02 1.618152503967285156e+02 4.410435104370117188e+01 8.835338592529296875e+01
6.253102588653564453e+02 1.617880592346191406e+02 4.400179672241210938e+01 8.821933746337890625e+01
6.252084045410156250e+02 1.612072181701660156e+02 4.407943725585937500e+01 8.808679962158203125e+01
6.252372131347656250e+02 1.614425125122070312e+02 4.384533691406250000e+01 8.781748962402343750e+01
6.249896812438964844e+02 1.608792724609375000e+02 4.372171783447265625e+01 8.796044921875000000e+01
6.260367488861083984e+02 1.610361785888671875e+02 4.350166702270507812e+01 8.809570312500000000e+01
6.259954032897949219e+02 1.607587661743164062e+02 4.312610626220703125e+01 8.761816406250000000e+01
6.261226863861083984e+02 1.595175704956054688e+02 4.255307388305664062e+01 8.634419250488281250e+01
6.265422496795654297e+02 1.598260536193847656e+02 4.232324600219726562e+01 8.614754486083984375e+01
6.257974605560302734e+02 1.591154975891113281e+02 4.262123489379882812e+01 8.653000640869140625e+01
6.246497516632080078e+02 1.587596778869628906e+02 4.336942672729492188e+01 8.676709747314453125e+01
6.245471343994140625e+02 1.587754631042480469e+02 4.380323791503906250e+01 8.692516326904296875e+01
6.217478904724121094e+02 1.572362899780273438e+02 4.489167022705078125e+01 8.718753051757812500e+01
6.201841106414794922e+02 1.571492767333984375e+02 4.539867019653320312e+01 8.785377502441406250e+01
6.195561428070068359e+02 1.565201683044433594e+02 4.589860916137695312e+01 8.818939971923828125e+01
6.186362171173095703e+02 1.565409545898437500e+02 4.571055221557617188e+01 8.892106628417968750e+01
6.187219295501708984e+02 1.563036499023437500e+02 4.523010635375976562e+01 8.903025817871093750e+01
6.178544845581054688e+02 1.559755897521972656e+02 4.398011779785156250e+01 8.850034332275390625e+01
6.165085506439208984e+02 1.561375923156738281e+02 4.410083389282226562e+01 8.776174163818359375e+01
6.160714950561523438e+02 1.547206306457519531e+02 4.374388122558593750e+01 8.774468231201171875e+01
6.156857662200927734e+02 1.544821891784667969e+02 4.352550125122070312e+01 8.727617645263671875e+01
6.155386123657226562e+02 1.541578826904296875e+02 4.337274169921875000e+01 8.667979431152343750e+01
6.140151958465576172e+02 1.540420455932617188e+02 4.395981216430664062e+01 8.520626831054687500e+01
6.136983661651611328e+02 1.527996330261230469e+02 4.487864303588867188e+01 8.557961273193359375e+01
6.127860527038574219e+02 1.518248176574707031e+02 4.450691986083984375e+01 8.476062774658203125e+01
6.123847293853759766e+02 1.521220512390136719e+02 4.444918441772460938e+01 8.469937896728515625e+01
6.118558502197265625e+02 1.522677536010742188e+02 4.461480712890625000e+01 8.461149597167968750e+01
6.118092536926269531e+02 1.508999099731445312e+02 4.485294342041015625e+01 8.490177917480468750e+01
6.111938419342041016e+02 1.510285224914550781e+02 4.325211715698242188e+01 8.523378753662109375e+01
6.112064075469970703e+02 1.509763107299804688e+02 4.339944076538085938e+01 8.542379760742187500e+01
6.108961772918701172e+02 1.505564117431640625e+02 4.314748001098632812e+01 8.536155700683593750e+01
6.108366870880126953e+02 1.503387184143066406e+02 4.287766647338867188e+01 8.555080413818359375e+01
6.105699443817138672e+02 1.497596244812011719e+02 4.282747268676757812e+01 8.464360809326171875e+01
6.110291461944580078e+02 1.492143669128417969e+02 4.266714096069335938e+01 8.340558624267578125e+01
6.106966075897216797e+02 1.496556243896484375e+02 4.221579360961914062e+01 8.255422973632812500e+01
6.106393890380859375e+02 1.494914360046386719e+02 4.253263854980468750e+01 8.144008636474609375e+01
6.103770809173583984e+02 1.490240859985351562e+02 4.256700515747070312e+01 8.077258300781250000e+01
6.104134769439697266e+02 1.478761940002441406e+02 4.225103378295898438e+01 8.127730560302734375e+01
6.100161628723144531e+02 1.477403488159179688e+02 4.246633148193359375e+01 8.147445678710937500e+01
6.093944778442382812e+02 1.475823440551757812e+02 4.323478698730468750e+01 8.199377441406250000e+01
6.086548290252685547e+02 1.469139213562011719e+02 4.373349380493164062e+01 8.208480072021484375e+01
6.084156932830810547e+02 1.463504676818847656e+02 4.380463027954101562e+01 8.236560821533203125e+01
6.082456054687500000e+02 1.456431121826171875e+02 4.398277282714843750e+01 8.295111083984375000e+01
6.085295982360839844e+02 1.457420043945312500e+02 4.367809295654296875e+01 8.306735229492187500e+01
6.079874668121337891e+02 1.452130889892578125e+02 4.388923263549804688e+01 8.305712890625000000e+01
6.080389919281005859e+02 1.451299781799316406e+02 4.386528396606445312e+01 8.305432891845703125e+01
6.081540126800537109e+02 1.447823295593261719e+02 4.374066543579101562e+01 8.263498687744140625e+01
6.074016838073730469e+02 1.436247367858886719e+02 4.398242950439453125e+01 8.240404510498046875e+01
6.073996639251708984e+02 1.442079353332519531e+02 4.389316177368164062e+01 8.110736846923828125e+01
6.073745727539062500e+02 1.441560440063476562e+02 4.357878112792968750e+01 8.017138671875000000e+01
6.075436573028564453e+02 1.432863922119140625e+02 4.288142013549804688e+01 7.966078186035156250e+01
6.086501388549804688e+02 1.438105621337890625e+02 4.241809082031250000e+01 7.884262084960937500e+01
6.088337287902832031e+02 1.433913726806640625e+02 4.241701507568359375e+01 7.933897399902343750e+01
6.085514507293701172e+02 1.424975013732910156e+02 4.266827774047851562e+01 7.958620452880859375e+01
6.085926685333251953e+02 1.434766387939453125e+02 4.348612594604492188e+01 7.895468139648437500e+01
6.090101757049560547e+02 1.437455749511718750e+02 4.377124404907226562e+01 7.894486999511718750e+01
6.087798652648925781e+02 1.433040046691894531e+02 4.549069976806640625e+01 7.912325286865234375e+01
6.094103107452392578e+02 1.430988616943359375e+02 4.485071945190429688e+01 7.776525878906250000e+01
6.116532115936279297e+02 1.432066841125488281e+02 4.552859878540039062e+01 7.744988250732421875e+01
6.126220474243164062e+02 1.423609809875488281e+02 4.569270324707031250e+01 7.739281463623046875e+01
6.137790298461914062e+02 1.424682693481445312e+02 4.528652954101562500e+01 7.616767883300781250e+01
6.144275569915771484e+02 1.420067672729492188e+02 4.458122634887695312e+01 7.605383300781250000e+01
6.167228717803955078e+02 1.412333717346191406e+02 4.314879989624023438e+01 7.647020721435546875e+01
6.178892726898193359e+02 1.425436782836914062e+02 4.222685623168945312e+01 7.611178588867187500e+01
6.176818904876708984e+02 1.421250610351562500e+02 4.273144912719726562e+01 7.648045349121093750e+01
6.182763671875000000e+02 1.422129058837890625e+02 4.250798034667968750e+01 7.601974487304687500e+01
6.184552135467529297e+02 1.429730911254882812e+02 4.227486038208007812e+01 7.575639343261718750e+01
6.197487392425537109e+02 1.437131614685058594e+02 4.305942153930664062e+01 7.504859161376953125e+01
6.203633651733398438e+02 1.442824020385742188e+02 4.290649414062500000e+01 7.482586669921875000e+01
6.211169815063476562e+02 1.448943595886230469e+02 4.274952697753906250e+01 7.384685516357421875e+01
6.208678035736083984e+02 1.453612289428710938e+02 4.290611648559570312e+01 7.329127502441406250e+01
6.208399753570556641e+02 1.445143127441406250e+02 4.248241806030273438e+01 7.228312683105468750e+01
6.216487445831298828e+02 1.456290855407714844e+02 4.209296798706054688e+01 6.950739288330078125e+01
6.215492668151855469e+02 1.456632804870605469e+02 4.301662445068359375e+01 6.993280792236328125e+01
6.213840808868408203e+02 1.452795944213867188e+02 4.362255477905273438e+01 7.099818420410156250e+01
6.211800727844238281e+02 1.463118972778320312e+02 4.412425994873046875e+01 7.093658447265625000e+01
6.230399208068847656e+02 1.461977462768554688e+02 4.205448150634765625e+01 6.972222900390625000e+01
6.220396118164062500e+02 1.467163887023925781e+02 4.394088745117187500e+01 6.882561492919921875e+01
6.229042415618896484e+02 1.472812728881835938e+02 4.447577285766601562e+01 6.896893310546875000e+01
6.241514492034912109e+02 1.472437286376953125e+02 4.364415359497070312e+01 6.773747253417968750e+01
6.242124481201171875e+02 1.481505088806152344e+02 4.397845458984375000e+01 6.693567657470703125e+01
6.250015392303466797e+02 1.478641433715820312e+02 4.425329971313476562e+01 6.664848327636718750e+01
6.259262428283691406e+02 1.488360824584960938e+02 4.364749908447265625e+01 6.529258728027343750e+01
6.259321765899658203e+02 1.498808441162109375e+02 4.411051559448242188e+01 6.425808715820312500e+01
6.271965427398681641e+02 1.489086990356445312e+02 4.384966659545898438e+01 6.372065734863281250e+01
6.274851474761962891e+02 1.492582321166992188e+02 4.347918319702148438e+01 6.300312805175781250e+01
6.278525466918945312e+02 1.491795520782470703e+02 4.386648559570312500e+01 6.328710556030273438e+01
6.288391494750976562e+02 1.491653881072998047e+02 4.344506835937500000e+01 6.359567642211914062e+01
6.292281188964843750e+02 1.490466251373291016e+02 4.312699890136718750e+01 6.367921066284179688e+01
6.293884963989257812e+02 1.483824043273925781e+02 4.280577087402343750e+01 6.402632904052734375e+01
6.297015266418457031e+02 1.485443305969238281e+02 4.275814056396484375e+01 6.412096405029296875e+01
6.306908187866210938e+02 1.471598014831542969e+02 4.195811462402343750e+01 6.485910797119140625e+01
6.315888195037841797e+02 1.464009208679199219e+02 4.219745254516601562e+01 6.583119964599609375e+01
6.320775146484375000e+02 1.457453689575195312e+02 4.143876647949218750e+01 6.549995422363281250e+01
6.323316593170166016e+02 1.453655433654785156e+02 4.156628036499023438e+01 6.524861907958984375e+01
6.321021251678466797e+02 1.453734855651855469e+02 4.169600296020507812e+01 6.504866790771484375e+01
6.332472362518310547e+02 1.449802436828613281e+02 4.176796340942382812e+01 6.454291534423828125e+01
6.335501937866210938e+02 1.440310592651367188e+02 4.142782592773437500e+01 6.421717834472656250e+01
6.332690486907958984e+02 1.437064666748046875e+02 4.201181411743164062e+01 6.393748474121093750e+01
6.343966770172119141e+02 1.435875053405761719e+02 4.205877304077148438e+01 6.425055694580078125e+01
6.348724613189697266e+02 1.433862915039062500e+02 4.225994491577148438e+01 6.440304565429687500e+01
6.345053176879882812e+02 1.432295608520507812e+02 4.252316284179687500e+01 6.448922729492187500e+01
6.357500820159912109e+02 1.431584510803222656e+02 4.263621902465820312e+01 6.404576873779296875e+01
6.367918758392333984e+02 1.421469192504882812e+02 4.215329360961914062e+01 6.388095092773437500e+01
6.373098888397216797e+02 1.413527412414550781e+02 4.216608047485351562e+01 6.402407073974609375e+01
6.385075912475585938e+02 1.406178321838378906e+02 4.187989807128906250e+01 6.435720062255859375e+01
6.390691528320312500e+02 1.401365623474121094e+02 4.178404235839843750e+01 6.431464385986328125e+01
6.397496280670166016e+02 1.399877433776855469e+02 4.095972824096679688e+01 6.402506256103515625e+01
6.399094257354736328e+02 1.392501106262207031e+02 4.081284713745117188e+01 6.371938323974609375e+01
6.410627288818359375e+02 1.389001045227050781e+02 4.032196044921875000e+01 6.476177215576171875e+01
6.406014518737792969e+02 1.382921676635742188e+02 4.011524200439453125e+01 6.474502563476562500e+01
6.413980808258056641e+02 1.376572532653808594e+02 3.935627365112304688e+01 6.490700531005859375e+01
6.404513683319091797e+02 1.399353218078613281e+02 3.858465957641601562e+01 6.507373809814453125e+01
6.415720062255859375e+02 1.387609939575195312e+02 3.831549072265625000e+01 6.598286437988281250e+01
6.412947540283203125e+02 1.376734771728515625e+02 3.792166137695312500e+01 6.576332092285156250e+01
6.421548843383789062e+02 1.369131698608398438e+02 3.744410705566406250e+01 6.604670715332031250e+01
6.425880565643310547e+02 1.369912300109863281e+02 3.732054519653320312e+01 6.599604034423828125e+01
6.417663860321044922e+02 1.367590026855468750e+02 3.753808975219726562e+01 6.655050659179687500e+01
6.411721630096435547e+02 1.355943412780761719e+02 3.809360122680664062e+01 6.557900238037109375e+01
6.421451587677001953e+02 1.346162338256835938e+02 3.799053573608398438e+01 6.559884643554687500e+01
6.420071601867675781e+02 1.344155807495117188e+02 3.845745086669921875e+01 6.542379760742187500e+01
6.417234573364257812e+02 1.330991554260253906e+02 3.863429260253906250e+01 6.572777557373046875e+01
6.421543960571289062e+02 1.335135345458984375e+02 3.847940063476562500e+01 6.522167968750000000e+01
6.421750259399414062e+02 1.321946411132812500e+02 3.862728881835937500e+01 6.605612182617187500e+01
6.423239898681640625e+02 1.321130409240722656e+02 3.875967407226562500e+01 6.636264801025390625e+01
6.430005455017089844e+02 1.316710853576660156e+02 3.826290130615234375e+01 6.645247650146484375e+01
6.429442787170410156e+02 1.309318618774414062e+02 3.825817108154296875e+01 6.692662048339843750e+01
6.426517658233642578e+02 1.305761489868164062e+02 3.810914230346679688e+01 6.637506103515625000e+01
6.430547351837158203e+02 1.293472328186035156e+02 3.794417953491210938e+01 6.556966400146484375e+01
6.441131973266601562e+02 1.288310546875000000e+02 3.709379577636718750e+01 6.522416687011718750e+01
6.444716739654541016e+02 1.282239303588867188e+02 3.655053329467773438e+01 6.529232788085937500e+01
6.440765991210937500e+02 1.273518943786621094e+02 3.683528137207031250e+01 6.630924224853515625e+01
6.445664501190185547e+02 1.268454780578613281e+02 3.701593399047851562e+01 6.643456268310546875e+01
6.444030723571777344e+02 1.257086067199707031e+02 3.642832183837890625e+01 6.651012420654296875e+01
6.449349021911621094e+02 1.264229774475097656e+02 3.620246124267578125e+01 6.701607513427734375e+01
6.447958106994628906e+02 1.251654701232910156e+02 3.686904144287109375e+01 6.719535064697265625e+01
6.450174922943115234e+02 1.253799057006835938e+02 3.681953811645507812e+01 6.697146606445312500e+01
6.451490249633789062e+02 1.258148422241210938e+02 3.606813049316406250e+01 6.644018554687500000e+01
6.447855453491210938e+02 1.247326622009277344e+02 3.752449035644531250e+01 6.549384307861328125e+01
6.453115158081054688e+02 1.241207504272460938e+02 3.635293579101562500e+01 6.494021606445312500e+01
6.451844024658203125e+02 1.240751953125000000e+02 3.658235168457031250e+01 6.472296142578125000e+01
6.452863540649414062e+02 1.235158767700195312e+02 3.702780151367187500e+01 6.519641113281250000e+01
6.455407238006591797e+02 1.229748001098632812e+02 3.740907669067382812e+01 6.533930969238281250e+01
6.456464385986328125e+02 1.224175262451171875e+02 3.865364074707031250e+01 6.541780090332031250e+01
6.453985328674316406e+02 1.224633865356445312e+02 3.829781341552734375e+01 6.509005737304687500e+01
6.453410758972167969e+02 1.221039733886718750e+02 3.826445770263671875e+01 6.462406921386718750e+01
6.463978919982910156e+02 1.215531578063964844e+02 3.817896270751953125e+01 6.454166412353515625e+01
6.465493507385253906e+02 1.217717666625976562e+02 3.763001251220703125e+01 6.364489746093750000e+01
6.471646919250488281e+02 1.197635574340820312e+02 3.869455718994140625e+01 6.426275634765625000e+01
6.462831478118896484e+02 1.202355003356933594e+02 3.872204971313476562e+01 6.350191497802734375e+01
6.465789432525634766e+02 1.199506340026855469e+02 3.916341781616210938e+01 6.439142608642578125e+01
6.458718032836914062e+02 1.189114570617675781e+02 3.952278137207031250e+01 6.451581573486328125e+01
6.458043384552001953e+02 1.192014274597167969e+02 3.945504379272460938e+01 6.416643524169921875e+01
6.453117465972900391e+02 1.181757469177246094e+02 4.032506942749023438e+01 6.442964935302734375e+01
6.459135494232177734e+02 1.176834106445312500e+02 4.098401260375976562e+01 6.495072937011718750e+01
6.457378025054931641e+02 1.163842239379882812e+02 4.127656173706054688e+01 6.564288330078125000e+01
6.468235645294189453e+02 1.156183776855468750e+02 4.077338790893554688e+01 6.516230773925781250e+01
6.479969863891601562e+02 1.153347434997558594e+02 3.983180236816406250e+01 6.421915435791015625e+01
6.495336418151855469e+02 1.142584362030029297e+02 3.925031280517578125e+01 6.365222549438476562e+01
6.494931030273437500e+02 1.133442420959472656e+02 4.020242309570312500e+01 6.501035308837890625e+01
6.503623542785644531e+02 1.135744247436523438e+02 3.917623138427734375e+01 6.518174743652343750e+01
6.515198020935058594e+02 1.112799530029296875e+02 3.849860382080078125e+01 6.597090148925781250e+01
6.507759838104248047e+02 1.116209869384765625e+02 3.862034988403320312e+01 6.632598876953125000e+01
6.511274929046630859e+02 1.106507835388183594e+02 3.730424880981445312e+01 6.595365142822265625e+01
6.517375144958496094e+02 1.103390846252441406e+02 3.694057464599609375e+01 6.505330657958984375e+01
6.517036495208740234e+02 1.100066184997558594e+02 3.755226516723632812e+01 6.484223175048828125e+01
6.523989944458007812e+02 1.096923065185546875e+02 3.743200683593750000e+01 6.414662170410156250e+01
6.519205341339111328e+02 1.089179191589355469e+02 3.814086532592773438e+01 6.414266204833984375e+01
6.529408321380615234e+02 1.078975410461425781e+02 3.814697647094726562e+01 6.482770538330078125e+01
6.527676334381103516e+02 1.073097648620605469e+02 3.784606552124023438e+01 6.512590789794921875e+01
6.532254867553710938e+02 1.070358200073242188e+02 3.911042785644531250e+01 6.550831604003906250e+01
6.503789234161376953e+02 1.082057113647460938e+02 4.059696578979492188e+01 6.612586975097656250e+01
6.511009368896484375e+02 1.075230369567871094e+02 3.965930175781250000e+01 6.632079315185546875e+01
6.510207538604736328e+02 1.059045944213867188e+02 4.002869796752929688e+01 6.630358886718750000e+01
6.505231189727783203e+02 1.060658035278320312e+02 4.063659286499023438e+01 6.505239868164062500e+01
6.508020229339599609e+02 1.059523277282714844e+02 3.993907546997070312e+01 6.416762542724609375e+01
6.517225685119628906e+02 1.054544582366943359e+02 3.998426055908203125e+01 6.397627639770507812e+01
6.516872959136962891e+02 1.059213676452636719e+02 3.971258163452148438e+01 6.318610382080078125e+01
6.527287940979003906e+02 1.049124279022216797e+02 3.875550079345703125e+01 6.375247573852539062e+01
6.530316925048828125e+02 1.051962280273437500e+02 3.860176086425781250e+01 6.343489074707031250e+01
6.540402622222900391e+02 1.042335643768310547e+02 3.858916854858398438e+01 6.378772354125976562e+01
6.539078788757324219e+02 1.033544425964355469e+02 3.943068695068359375e+01 6.411440277099609375e+01
6.543548698425292969e+02 1.041758308410644531e+02 3.846710968017578125e+01 6.323964691162109375e+01
6.546519241333007812e+02 1.023962364196777344e+02 3.870825195312500000e+01 6.330034637451171875e+01
6.552657871246337891e+02 1.030837612152099609e+02 3.917217636108398438e+01 6.281097793579101562e+01
6.560682277679443359e+02 1.021967697143554688e+02 3.853952407836914062e+01 6.321299743652343750e+01
6.561965217590332031e+02 1.018167591094970703e+02 3.961592864990234375e+01 6.319247055053710938e+01
6.555690422058105469e+02 1.015592651367187500e+02 3.932402801513671875e+01 6.293246459960937500e+01
6.566043815612792969e+02 1.002477321624755859e+02 3.931719207763671875e+01 6.354495620727539062e+01
6.572542457580566406e+02 1.005164031982421875e+02 3.965854644775390625e+01 6.326516723632812500e+01
6.566524982452392578e+02 9.979573440551757812e+01 3.997600936889648438e+01 6.348305511474609375e+01
6.570602397918701172e+02 1.000054378509521484e+02 4.000429153442382812e+01 6.253348159790039062e+01
6.566220149993896484e+02 9.959271049499511719e+01 4.061044692993164062e+01 6.289557266235351562e+01
6.579515819549560547e+02 9.968630981445312500e+01 4.027858352661132812e+01 6.165309143066406250e+01
6.576729583740234375e+02 9.952962493896484375e+01 4.074446105957031250e+01 6.134834289550781250e+01
6.578480148315429688e+02 1.001243171691894531e+02 4.103744506835937500e+01 6.060160064697265625e+01
6.590305252075195312e+02 1.001373596191406250e+02 4.048446655273437500e+01 6.038665771484375000e+01
6.598448905944824219e+02 9.993025207519531250e+01 4.007967376708984375e+01 6.079748535156250000e+01
6.614624023437500000e+02 9.949690055847167969e+01 3.956654357910156250e+01 5.998160171508789062e+01
6.619212055206298828e+02 9.876716041564941406e+01 3.928153610229492188e+01 5.996770858764648438e+01
6.626777114868164062e+02 9.888691711425781250e+01 3.934393310546875000e+01 6.007557678222656250e+01
6.604680442810058594e+02 9.877429962158203125e+01 3.998099517822265625e+01 6.051531982421875000e+01
6.611867275238037109e+02 9.768790435791015625e+01 4.001164627075195312e+01 6.052262878417968750e+01
6.624927768707275391e+02 9.830455780029296875e+01 3.919787216186523438e+01 6.036570739746093750e+01
6.624392719268798828e+02 9.784990692138670454e+01 3.954488754272460938e+01 6.018612670898438921e+01
6.642047519683837891e+02 9.752993965148925781e+01 3.895563888549804688e+01 6.060261154174804688e+01
6.647393035888671875e+02 9.721166610717772016e+01 3.811505126953125000e+01 6.051891326904298296e+01
6.655351753234863281e+02 9.651250839233397016e+01 3.804494476318359375e+01 6.090238189697267046e+01
6.669207210540771484e+02 9.656195259094236860e+01 3.734285354614257812e+01 6.067385482788087359e+01
6.672957763671875000e+02 9.608518028259275923e+01 3.718846130371093750e+01 6.083467483520509234e+01
6.676765899658203125e+02 9.576265907287596235e+01 3.729382324218750000e+01 6.010129928588868609e+01
6.674499073028564453e+02 9.614610290527342329e+01 3.737044906616210938e+01 5.919808959960938921e+01
6.666469764709472656e+02 9.677565193176269531e+01 3.771475982666015625e+01 5.885602951049804688e+01
6.675923175811767578e+02 9.675606727600097656e+01 3.904050827026367188e+01 5.815931320190429688e+01
6.676798515319824219e+02 9.717655181884764204e+01 3.847817230224609375e+01 5.843528747558595171e+01
6.684644031524658203e+02 9.721889495849607954e+01 3.905974960327148438e+01 5.794367980957032671e+01
6.691977462768554688e+02 9.709280967712400923e+01 3.999223327636718750e+01 5.735138320922852984e+01
6.687627029418945312e+02 9.879967689514160156e+01 4.037367248535156250e+01 5.593655014038085938e+01
6.699057846069335938e+02 9.971996879577635298e+01 4.082575988769531250e+01 5.551077651977540484e+01
6.689971694946289062e+02 9.941559600830076704e+01 4.141618347167968750e+01 5.558538818359376421e+01
6.696625595092773438e+02 1.005021934509277344e+02 4.170606994628906250e+01 5.465077972412109375e+01
6.705069866180419922e+02 1.010540447235107280e+02 4.139719009399414062e+01 5.380504226684571734e+01
6.709382972717285156e+02 1.018036594390869141e+02 4.128902435302734375e+01 5.301653671264648438e+01
6.723818168640136719e+02 1.026483268737792969e+02 4.097487640380859375e+01 5.256848907470703125e+01
6.724942684173583984e+02 1.025713481903076172e+02 4.157072830200195312e+01 5.270634841918945312e+01
6.729747352600097656e+02 1.033867168426513672e+02 4.186104583740234375e+01 5.204542922973632812e+01
6.732971630096435547e+02 1.041108074188232422e+02 4.165156936645507812e+01 5.152193069458007812e+01
6.732381210327148438e+02 1.048341464996337891e+02 4.140896606445312500e+01 5.086181259155273438e+01
6.751321849822998047e+02 1.062864532470703125e+02 3.992302322387695312e+01 4.997193908691406250e+01
6.758614273071289062e+02 1.065143184661865234e+02 3.804727172851562500e+01 4.926779556274414062e+01
6.761859340667724609e+02 1.083180351257324219e+02 3.815886306762695312e+01 4.791976165771484375e+01
6.777640781402587891e+02 1.094106082916259766e+02 3.685372543334960938e+01 4.699416732788085938e+01
6.758943004608154297e+02 1.098167991638183594e+02 3.727513504028320312e+01 4.657210540771484375e+01
6.770438556671142578e+02 1.096179046630859375e+02 3.546213912963867188e+01 4.569993591308593750e+01
6.768408527374267578e+02 1.111483116149902344e+02 3.504211044311523438e+01 4.531378936767578125e+01
6.783080806732177734e+02 1.113199558258056641e+02 3.333339309692382812e+01 4.390917587280273438e+01
6.773912487030029297e+02 1.122563743591308594e+02 3.426430130004882812e+01 4.375272369384765625e+01
6.780805664062500000e+02 1.124423294067382812e+02 3.356935119628906250e+01 4.315489196777343750e+01
6.788270435333251953e+02 1.123622531890869141e+02 3.298160934448242188e+01 4.285493087768554688e+01
6.775335083007812500e+02 1.130448627471923828e+02 3.416395568847656250e+01 4.311735153198242188e+01
6.775892066955566406e+02 1.117273712158203125e+02 3.316086578369140625e+01 4.340190124511718750e+01
6.782574176788330078e+02 1.127865257263183594e+02 3.278330612182617188e+01 4.310161590576171875e+01
6.782905654907226562e+02 1.117604465484619141e+02 3.284385681152343750e+01 4.331649398803710938e+01
6.784680061340332031e+02 1.111491680145263672e+02 3.399034881591796875e+01 4.386825942993164062e+01
6.778380432128906250e+02 1.100342788696289062e+02 3.425598144531250000e+01 4.435090637207031250e+01
6.780025959014892578e+02 1.104348258972167969e+02 3.419399642944335938e+01 4.442588043212890625e+01
6.782140159606933594e+02 1.092788238525390625e+02 3.424709320068359375e+01 4.483834838867187500e+01
6.780032882690429688e+02 1.096125049591064453e+02 3.483215332031250000e+01 4.459193038940429688e+01
6.785454444885253906e+02 1.078934478759765625e+02 3.522090911865234375e+01 4.605513000488281250e+01
6.776780967712402344e+02 1.065364208221435547e+02 3.635538482666015625e+01 4.746892166137695312e+01
6.781425323486328125e+02 1.053219852447509766e+02 3.592956542968750000e+01 4.816270065307617188e+01
6.773036899566650391e+02 1.047469844818115234e+02 3.673789596557617188e+01 4.976155471801757812e+01
6.768091983795166016e+02 1.036707172393798828e+02 3.760627365112304688e+01 5.077653121948242188e+01
6.773355026245117188e+02 1.007489967346191406e+02 3.754515075683593750e+01 5.338088226318359375e+01
6.769912281036376953e+02 1.001904907226562500e+02 3.869974899291992188e+01 5.490672302246093750e+01
6.764773197174072266e+02 9.842387199401855469e+01 3.884565353393554688e+01 5.616255569458007812e+01
6.786980724334716797e+02 9.759191322326658735e+01 3.667354202270507812e+01 5.566230392456056109e+01
6.764464817047119141e+02 9.575728225708007812e+01 3.819866561889648438e+01 5.755902862548828125e+01
6.773546066284179688e+02 9.262023925781250000e+01 3.707263183593750000e+01 5.984288024902343750e+01
6.813357353210449219e+02 9.186370658874511719e+01 3.363321685791015625e+01 5.852579116821289062e+01
6.768562698364257812e+02 9.215180397033691406e+01 3.564277648925781250e+01 6.127222824096679688e+01
6.792904186248779297e+02 9.109234809875486860e+01 3.346535110473632812e+01 6.089507675170899859e+01
6.772933826446533203e+02 9.124760627746582031e+01 3.384507369995117188e+01 6.168940353393554688e+01
6.798549537658691406e+02 8.887326049804687500e+01 3.258684539794921875e+01 6.046043395996093750e+01
6.777189121246337891e+02 8.908192062377929688e+01 3.557331466674804688e+01 6.322353363037109375e+01
6.776251678466796875e+02 8.791320228576658735e+01 3.504444885253906250e+01 6.390221786499024859e+01
6.755713710784912109e+02 9.095658111572264204e+01 3.834257888793945312e+01 6.495623779296876421e+01
6.762756195068359375e+02 9.108610916137696734e+01 3.709761047363281250e+01 6.471820831298826704e+01
6.749346866607666016e+02 9.015073394775390625e+01 3.801881027221679688e+01 6.655035400390625000e+01
6.749329681396484375e+02 9.050969314575196734e+01 3.766972351074218750e+01 6.660367584228514204e+01
6.753283519744873047e+02 9.031731796264648438e+01 3.856836318969726562e+01 6.698850250244140625e+01
6.749847106933593750e+02 8.880039978027345171e+01 3.786126708984375000e+01 6.661560058593748579e+01
6.757623901367187500e+02 8.971097564697265625e+01 3.891371154785156250e+01 6.601652526855468750e+01
6.752120304107666016e+02 8.988303756713867188e+01 3.858622360229492188e+01 6.680654144287109375e+01
6.760515270233154297e+02 8.942882919311524859e+01 3.759663772583007812e+01 6.639099884033201704e+01
6.774389801025390625e+02 8.796639633178712359e+01 3.820384216308593750e+01 6.693427276611326704e+01
6.804607315063476562e+02 8.889499664306640625e+01 3.946411132812500000e+01 6.539772033691406250e+01
6.821496086120605469e+02 8.882270431518556109e+01 3.488173675537109375e+01 6.430802154541014204e+01
6.840891017913818359e+02 8.871239089965818891e+01 3.638765335083007812e+01 6.404409027099610796e+01
6.849541187286376953e+02 8.860356521606443891e+01 3.666921615600585938e+01 6.424459075927735796e+01
6.841158123016357422e+02 8.910734176635740766e+01 3.730195999145507812e+01 6.487865447998048296e+01
6.852148895263671875e+02 8.880148506164550781e+01 3.700808715820312500e+01 6.350422286987304688e+01
6.840513267517089844e+02 8.782844161987303266e+01 3.862119293212890625e+01 6.444866180419923296e+01
6.850703773498535156e+02 8.924129867553712359e+01 3.773509979248046875e+01 6.386443328857420454e+01
6.858053989410400391e+02 8.875381088256835938e+01 3.732978439331054688e+01 6.403066253662109375e+01
6.860638961791992188e+02 8.913486480712890625e+01 3.742608642578125000e+01 6.376014709472656250e+01
6.865553398132324219e+02 8.929969406127929688e+01 3.747376251220703125e+01 6.351543426513671875e+01
6.877734527587890625e+02 8.906204414367675781e+01 3.775042724609375000e+01 6.379140853881835938e+01
6.893250980377197266e+02 8.919373893737792969e+01 3.655729293823242188e+01 6.355159378051757812e+01
6.927824077606201172e+02 8.785219764709471235e+01 3.504869461059570312e+01 6.375857162475587359e+01
6.942312774658203125e+02 9.055529403686522016e+01 3.274832153320312500e+01 6.406815338134767046e+01
6.945132160186767578e+02 9.024340438842773438e+01 3.213866806030273438e+01 6.325815582275390625e+01
6.960496139526367188e+02 9.035711288452148438e+01 3.185147094726562500e+01 6.405002593994140625e+01
6.965326776504516602e+02 9.143418121337890625e+01 3.143807792663574219e+01 6.304837036132812500e+01
6.966258430480957031e+02 9.209220504760742188e+01 3.147956085205078125e+01 6.277091217041015625e+01
6.979937038421630859e+02 9.334163093566894531e+01 3.020271682739257812e+01 6.134574508666992188e+01
6.983827724456787109e+02 8.804335403442382812e+01 2.995015335083007812e+01 6.427980804443359375e+01
6.989976902008056641e+02 8.988767242431640625e+01 3.115530014038085938e+01 6.259773254394531250e+01
6.983271875381469727e+02 8.989232635498048296e+01 3.116279411315917969e+01 6.337347412109373579e+01
6.981178054809570312e+02 8.893681335449218750e+01 3.056416320800781250e+01 6.108981323242187500e+01
6.979501199722290039e+02 8.831056022644042969e+01 3.091895866394042969e+01 6.134512710571289062e+01
6.983021755218505859e+02 8.740989494323730469e+01 3.126372146606445312e+01 6.162773513793945312e+01
6.984958152770996094e+02 8.609965515136718750e+01 3.133528900146484375e+01 6.165151977539062500e+01
6.987496166229248047e+02 8.626781654357910156e+01 3.138875198364257812e+01 6.189902877807617188e+01
6.987451419830322266e+02 8.465408325195313921e+01 3.167181015014648438e+01 6.210331726074217329e+01
6.963197154998779297e+02 8.486182785034179688e+01 3.209932327270507812e+01 6.139534759521484375e+01
6.977958240509033203e+02 8.486791038513183594e+01 3.168174362182617188e+01 6.055234146118164062e+01
6.972491216659545898e+02 8.525428771972656250e+01 3.156288337707519531e+01 6.080166625976562500e+01
6.978230533599853516e+02 8.466247177124023438e+01 3.153434371948242188e+01 6.028166961669921875e+01
6.978423023223876953e+02 8.521708679199218750e+01 3.129096603393554688e+01 5.891581726074218750e+01
6.982677659988403320e+02 8.419327735900878906e+01 3.158075523376464844e+01 5.849694442749023438e+01
6.977554359436035156e+02 8.552500724792480469e+01 3.130832672119140625e+01 5.864474868774414062e+01
6.975351848602294922e+02 8.298033523559570312e+01 3.234651565551757812e+01 5.972438812255859375e+01
6.960982494354248047e+02 8.244776153564453125e+01 3.278209304809570312e+01 6.047302246093750000e+01
6.952400665283203125e+02 8.141843795776367188e+01 3.366476440429687500e+01 6.061406707763671875e+01
6.936396064758300781e+02 8.182931518554687500e+01 3.465872955322265625e+01 6.029135131835937500e+01
6.942616329193115234e+02 8.184561538696289062e+01 3.409822463989257812e+01 6.042137908935546875e+01
6.933669776916503906e+02 8.056735038757324219e+01 3.500246429443359375e+01 6.023416519165039062e+01
6.929451942443847656e+02 7.927842712402343750e+01 3.449268341064453125e+01 6.054087829589843750e+01
6.951696681976318359e+02 8.114214706420898438e+01 3.159074783325195312e+01 5.836580657958984375e+01
6.952285804748535156e+02 8.128996276855468750e+01 3.270742034912109375e+01 5.687704467773437500e+01
6.956959629058837891e+02 7.964661216735839844e+01 3.244102096557617188e+01 5.791701126098632812e+01
6.958257427215576172e+02 7.850164031982421875e+01 3.233732986450195312e+01 5.791105651855468750e+01
6.955044326782226562e+02 7.982897949218750000e+01 3.301669311523437500e+01 5.731538391113281250e+01
6.964287414550781250e+02 7.928135681152343750e+01 3.144250488281250000e+01 5.715411376953125000e+01
6.973468112945556641e+02 7.840034675598144531e+01 3.260523605346679688e+01 5.668603134155273438e+01
6.966138095855712891e+02 7.817915344238281250e+01 3.240322494506835938e+01 5.540243530273437500e+01
6.960014152526855469e+02 7.899220275878906250e+01 3.286305999755859375e+01 5.492930603027343750e+01
6.962698726654052734e+02 7.826729774475097656e+01 3.295538711547851562e+01 5.539406967163085938e+01
6.956776885986328125e+02 7.624844169616699219e+01 3.351576232910156250e+01 5.663763809204101562e+01
6.947147750854492188e+02 7.506579017639160156e+01 3.325375366210937500e+01 5.673298263549804688e+01
6.944252738952636719e+02 7.394677925109863281e+01 3.250618743896484375e+01 5.801012802124023438e+01
6.939360485076904297e+02 7.329507255554199219e+01 3.283809280395507812e+01 5.738386917114257812e+01
6.943521137237548828e+02 7.381188201904296875e+01 3.211520004272460938e+01 5.770075988769531250e+01
6.944706411361694336e+02 7.350844383239746094e+01 3.085908699035644531e+01 5.711616897583007812e+01
6.933783645629882812e+02 7.517750358581542969e+01 3.027742004394531250e+01 5.558861160278320312e+01
6.938439292907714844e+02 7.369435691833496094e+01 3.060169219970703125e+01 5.611903762817382812e+01
6.939350280761718750e+02 7.333922386169433594e+01 3.023968505859375000e+01 5.537085342407226562e+01
6.939202728271484375e+02 7.265529060363769531e+01 3.058287048339843750e+01 5.554688644409179688e+01
6.945320701599121094e+02 7.068525314331054688e+01 3.104822540283203125e+01 5.640293121337890625e+01
6.941846380233764648e+02 7.112435913085937500e+01 3.171260261535644531e+01 5.658679199218750000e+01
6.948540630340576172e+02 7.191178512573242188e+01 3.086340713500976562e+01 5.571685028076171875e+01
6.949704017639160156e+02 6.822192192077636719e+01 3.246582794189453125e+01 5.708844375610351562e+01
6.924109954833984375e+02 7.108476066589355469e+01 3.055632019042968750e+01 5.555670547485351562e+01
6.942055912017822266e+02 7.098783302307128906e+01 3.033701705932617188e+01 5.495406723022460938e+01
6.938841447830200195e+02 7.076299858093261719e+01 3.115445518493652344e+01 5.555127334594726562e+01
6.933253641128540039e+02 7.033731460571289062e+01 3.061906242370605469e+01 5.491399383544921875e+01
6.921235942840576172e+02 6.985487937927246094e+01 3.179832839965820312e+01 5.591493606567382812e+01
6.919858922958374023e+02 7.022716903686523438e+01 3.118670845031738281e+01 5.493727874755859375e+01
6.920515651702880859e+02 7.024909782409667969e+01 3.119758987426757812e+01 5.489207839965820312e+01
6.922948980331420898e+02 6.934907150268554688e+01 3.118756294250488281e+01 5.530796051025390625e+01
6.937508487701416016e+02 6.827124214172363281e+01 3.032198715209960938e+01 5.514452743530273438e+01
6.929029836654663086e+02 6.998932075500488281e+01 3.067466926574707031e+01 5.405456161499023438e+01
6.930356330871582031e+02 7.097439956665039062e+01 3.021532440185546875e+01 5.140666961669921875e+01
6.932363986968994141e+02 6.899466705322265625e+01 3.002766036987304688e+01 5.295640563964843750e+01
6.931537294387817383e+02 7.029061126708984375e+01 2.950896263122558594e+01 5.333302307128906250e+01
6.934797983169555664e+02 6.846450042724609375e+01 2.960664176940917969e+01 5.377532958984375000e+01
6.934283094406127930e+02 6.943021965026855469e+01 2.975332069396972656e+01 5.301012039184570312e+01
6.936703367233276367e+02 6.947255134582519531e+01 2.928736305236816406e+01 5.243955612182617188e+01
6.942052011489868164e+02 6.705079078674316406e+01 2.900889396667480469e+01 5.251520919799804688e+01
6.936795692443847656e+02 6.735579299926757812e+01 3.049600982666015625e+01 5.214435577392578125e+01
6.943914556503295898e+02 6.667053222656250000e+01 3.009782600402832031e+01 5.247357177734375000e+01
6.947445354461669922e+02 6.467891311645507812e+01 3.005160903930664062e+01 5.402730560302734375e+01
6.940173349380493164e+02 6.371898841857910156e+01 3.092892265319824219e+01 5.446755599975585938e+01
6.949650630950927734e+02 6.414513969421386719e+01 3.018922805786132812e+01 5.447644424438476562e+01
6.952106113433837891e+02 6.481189727783203125e+01 3.019654464721679688e+01 5.396925354003906250e+01
6.959044828414916992e+02 6.601984214782714844e+01 2.934008216857910156e+01 5.353091812133789062e+01
6.958560905456542969e+02 6.618466758728027344e+01 2.968108367919921875e+01 5.340863418579101562e+01
6.955446834564208984e+02 6.544755744934082031e+01 2.942947769165039062e+01 5.137636947631835938e+01
6.955867710113525391e+02 6.516523551940917969e+01 3.109496688842773438e+01 5.138393020629882812e+01
6.962691106796264648e+02 6.404871559143066406e+01 3.024000740051269531e+01 5.110659408569335938e+01
6.964596195220947266e+02 6.409366989135742188e+01 3.076905441284179688e+01 5.120500946044921875e+01
6.964124927520751953e+02 6.376846885681152344e+01 3.076046371459960938e+01 5.176045608520507812e+01
6.969512414932250977e+02 6.279794692993164062e+01 3.021542167663574219e+01 5.150684356689453125e+01
6.963403644561767578e+02 6.297976303100585938e+01 2.789840316772460938e+01 5.207949066162109375e+01
6.954490375518798828e+02 6.391605377197265625e+01 2.949175643920898438e+01 5.091589355468750000e+01
6.954417600631713867e+02 6.362580299377441406e+01 2.983059120178222656e+01 5.119688034057617188e+01
6.954474992752075195e+02 6.146520614624023438e+01 3.018567466735839844e+01 5.120374298095703125e+01
6.956569023132324219e+02 6.035249900817871094e+01 3.045838165283203125e+01 5.263982009887695312e+01
6.978182401657104492e+02 5.963269233703613281e+01 2.991153907775878906e+01 5.289341354370117188e+01
6.978744325637817383e+02 5.955923652648925781e+01 2.965775108337402344e+01 5.276903915405273438e+01
6.980473604202270508e+02 5.975774765014648438e+01 3.032022666931152344e+01 5.302256011962890625e+01
6.986375570297241211e+02 5.896766471862792969e+01 2.948719978332519531e+01 5.320201492309570312e+01
6.983222312927246094e+02 5.932780456542968750e+01 3.014647674560546875e+01 5.295489501953125000e+01
6.985975322723388672e+02 5.997887992858886719e+01 2.986229324340820312e+01 5.025850296020507812e+01
6.983751955032348633e+02 6.070123100280761719e+01 2.971227073669433594e+01 4.999676895141601562e+01
6.983929615020751953e+02 6.041841506958007812e+01 2.958814620971679688e+01 5.023006439208984375e+01
6.985437650680541992e+02 5.841572761535644531e+01 2.984755897521972656e+01 5.121306991577148438e+01
6.987195081710815430e+02 5.677757453918457031e+01 3.039223670959472656e+01 5.173894882202148438e+01
6.993859462738037109e+02 5.896128463745117188e+01 3.038296890258789062e+01 5.089188385009765625e+01
6.997249279022216797e+02 6.020714759826660156e+01 3.027467727661132812e+01 5.035280990600585938e+01
7.015158910751342773e+02 5.879493522644042969e+01 2.982046699523925781e+01 4.992221450805664062e+01
7.008441133499145508e+02 5.962798690795898438e+01 3.018021202087402344e+01 5.001253509521484375e+01
7.013567819595336914e+02 5.878986167907714844e+01 2.992130851745605469e+01 4.941890335083007812e+01
7.031848106384277344e+02 5.686053085327148438e+01 3.017885589599609375e+01 5.078281402587890625e+01
7.028536643981933594e+02 5.875948333740234375e+01 2.955254364013671875e+01 4.932551574707031250e+01
7.028634700775146484e+02 5.743179321289062500e+01 3.057419204711914062e+01 5.043392944335937500e+01
7.038446102142333984e+02 5.625510787963867188e+01 2.947475051879882812e+01 5.053377532958984375e+01
7.039474220275878906e+02 5.833409881591796875e+01 2.993012237548828125e+01 4.994479370117187500e+01
7.058545866012573242e+02 5.850248908996582031e+01 2.827282142639160156e+01 4.834139633178710938e+01
7.071621656417846680e+02 5.923801422119140625e+01 2.725150489807128906e+01 4.830563354492187500e+01
7.075243139266967773e+02 5.985811996459960938e+01 2.617393684387207031e+01 4.688068389892578125e+01
7.078400993347167969e+02 5.933242797851562500e+01 2.561571502685546875e+01 4.575541687011718750e+01
7.070181865692138672e+02 5.895577812194824219e+01 2.713583755493164062e+01 4.598500442504882812e+01
7.065271291732788086e+02 5.844375610351562500e+01 2.789081001281738281e+01 4.643583679199218750e+01
7.076610975265502930e+02 5.631563949584960938e+01 2.854950904846191406e+01 4.781568145751953125e+01
7.071412773132324219e+02 5.645819282531738281e+01 2.836560821533203125e+01 4.874854660034179688e+01
7.078406515121459961e+02 5.684683227539062500e+01 2.805432319641113281e+01 4.865785217285156250e+01
7.081169128417968750e+02 5.447897911071777344e+01 2.777056884765625000e+01 4.966208267211914062e+01
7.087724599838256836e+02 5.573465347290039062e+01 2.860516548156738281e+01 4.880568695068359375e+01
7.095982637405395508e+02 5.458447456359863281e+01 2.831523704528808594e+01 4.773920822143554688e+01
7.091697225570678711e+02 5.514311790466308594e+01 2.879361152648925781e+01 4.777998733520507812e+01
7.110949258804321289e+02 5.307547378540039062e+01 2.807078361511230469e+01 4.744696807861328125e+01
7.115488929748535156e+02 5.294876098632812500e+01 2.803453826904296875e+01 4.846122741699218750e+01
7.102210950851440430e+02 5.271347427368164062e+01 2.749584388732910156e+01 5.100952911376953125e+01
7.109258213043212891e+02 5.525204277038574219e+01 2.749769210815429688e+01 4.897826004028320312e+01
7.111804361343383789e+02 5.495730018615722656e+01 2.793528556823730469e+01 4.869958114624023438e+01
7.117624902725219727e+02 5.434308624267578125e+01 2.774441337585449219e+01 4.894328308105468750e+01
7.118525876998901367e+02 5.401056671142578125e+01 2.770711708068847656e+01 4.871089172363281250e+01
7.121422290802001953e+02 5.312320709228515625e+01 2.834588241577148438e+01 4.821174621582031250e+01
7.122283754348754883e+02 5.424402999877929688e+01 2.782753562927246094e+01 4.782886505126953125e+01
7.120186080932617188e+02 5.407176017761230469e+01 2.819786071777343750e+01 4.718028640747070312e+01
7.118860340118408203e+02 5.302050399780273438e+01 2.869926071166992188e+01 4.730402374267578125e+01
7.119543628692626953e+02 5.299687385559082031e+01 2.867013168334960938e+01 4.802869796752929688e+01
7.119396076202392578e+02 5.206545448303222656e+01 2.861936569213867188e+01 4.812777328491210938e+01
7.124212388992309570e+02 5.316046714782714844e+01 2.799342918395996094e+01 4.738490676879882812e+01
7.143348131179809570e+02 5.335205268859863281e+01 2.744472312927246094e+01 4.661483383178710938e+01
7.139883775711059570e+02 5.289179039001464844e+01 2.862286949157714844e+01 4.634819412231445312e+01
7.143335561752319336e+02 5.387446022033691406e+01 2.847258186340332031e+01 4.649010848999023438e+01
7.149171438217163086e+02 5.097735404968261719e+01 2.860411262512207031e+01 4.584628677368164062e+01
7.161515150070190430e+02 5.116965293884277344e+01 2.794103431701660156e+01 4.624701309204101562e+01
7.176587972640991211e+02 5.067427253723144531e+01 2.739258003234863281e+01 4.619210433959960938e+01
7.181932601928710938e+02 5.057458686828613281e+01 2.746267700195312500e+01 4.630598068237304688e+01
7.186849269866943359e+02 4.981645774841308594e+01 2.783986282348632812e+01 4.689470291137695312e+01
7.196249761581420898e+02 5.044170188903808594e+01 2.716487312316894531e+01 4.554562759399414062e+01
7.199563999176025391e+02 4.943162918090820312e+01 2.661689376831054688e+01 4.571321868896484375e+01
7.201690282821655273e+02 4.854227447509765625e+01 2.727401924133300781e+01 4.755558776855468750e+01
7.205675497055053711e+02 4.780728149414062500e+01 2.691441535949707031e+01 4.764462280273437500e+01
7.200765638351440430e+02 4.846215248107910156e+01 2.700936317443847656e+01 4.681713485717773438e+01
7.199887294769287109e+02 4.849682617187500000e+01 2.698904800415039062e+01 4.748760986328125000e+01
7.198713655471801758e+02 4.703167724609375000e+01 2.789325523376464844e+01 4.803335571289062500e+01
7.202239418029785156e+02 4.600605201721191406e+01 2.723273468017578125e+01 4.829973983764648438e+01
7.201635675430297852e+02 4.591783523559570312e+01 2.723266410827636719e+01 4.920371246337890625e+01
7.172594413757324219e+02 4.845245933532714844e+01 2.756859588623046875e+01 5.071364212036132812e+01
7.171178226470947266e+02 4.900518226623535156e+01 2.763303756713867188e+01 5.011306381225585938e+01
7.182111587524414062e+02 4.970104598999023438e+01 2.775750732421875000e+01 4.883582305908203125e+01
7.185365114212036133e+02 4.907655334472656250e+01 2.743208885192871094e+01 4.918901062011718750e+01
7.188754510879516602e+02 4.878944969177246094e+01 2.679243278503417969e+01 4.802103042602539062e+01
7.198208513259887695e+02 4.810116386413574219e+01 2.663777732849121094e+01 4.818974685668945312e+01
7.201102190017700195e+02 4.863756942749023438e+01 2.708017539978027344e+01 4.824524688720703125e+01
7.209712085723876953e+02 4.840598487854003906e+01 2.669434738159179688e+01 4.869550704956054688e+01
7.205753326416015625e+02 4.845313072204589844e+01 2.735064697265625000e+01 4.941362380981445312e+01
7.210459318161010742e+02 4.801674842834472656e+01 2.793963050842285156e+01 4.988465499877929688e+01
7.205207233428955078e+02 4.788485527038574219e+01 2.819092941284179688e+01 5.113382339477539062e+01
7.212220869064331055e+02 4.814016723632812500e+01 2.738215065002441406e+01 5.093702697753906250e+01
7.217034358978271484e+02 4.784664344787597656e+01 2.745303726196289062e+01 5.015157699584960938e+01
7.213991451263427734e+02 4.803296279907226562e+01 2.809967422485351562e+01 5.013669586181640625e+01
7.219614744186401367e+02 4.757380867004394531e+01 2.707331275939941406e+01 4.906423568725585938e+01
7.227142953872680664e+02 4.699550437927246094e+01 2.672950553894042969e+01 4.994984817504882812e+01
7.222742376327514648e+02 4.757335853576660156e+01 2.673086738586425781e+01 4.923411178588867188e+01
7.229045267105102539e+02 4.672140121459960938e+01 2.800399589538574219e+01 4.958284759521484375e+01
7.233498840332031250e+02 4.576567268371582031e+01 2.793424987792968750e+01 4.994115829467773438e+01
7.242258682250976562e+02 4.572458839416503906e+01 2.783175659179687500e+01 4.994802474975585938e+01
7.246948089599609375e+02 4.584552001953125000e+01 2.745431518554687500e+01 4.941293334960937500e+01
7.253873796463012695e+02 4.586079216003417969e+01 2.695325279235839844e+01 4.860367202758789062e+01
7.265731992721557617e+02 4.577204132080078125e+01 2.605661964416503906e+01 4.745265197753906250e+01
7.267820768356323242e+02 4.608770561218261719e+01 2.576069068908691406e+01 4.667676162719726562e+01
7.270193986892700195e+02 4.630172920227050781e+01 2.565039634704589844e+01 4.665601730346679688e+01
7.275466346740722656e+02 4.645430183410644531e+01 2.528311920166015625e+01 4.648853683471679688e+01
7.277344207763671875e+02 4.561382484436035156e+01 2.542483520507812500e+01 4.624810409545898438e+01
7.283205957412719727e+02 4.477111053466796875e+01 2.487269401550292969e+01 4.665489196777343750e+01
7.290370140075683594e+02 4.483257865905761719e+01 2.423426055908203125e+01 4.627740859985351562e+01
7.289908933639526367e+02 4.578629302978515625e+01 2.364737892150878906e+01 4.557087707519531250e+01
7.288716726303100586e+02 4.609401130676269531e+01 2.407406806945800781e+01 4.561223983764648438e+01
7.287937221527099609e+02 4.706743240356445312e+01 2.465810012817382812e+01 4.574720001220703125e+01
7.294048223495483398e+02 4.592093467712402344e+01 2.393925666809082031e+01 4.531842422485351562e+01
7.298598041534423828e+02 4.484561157226562500e+01 2.380752182006835938e+01 4.500848388671875000e+01
7.302353563308715820e+02 4.612503623962402344e+01 2.308168601989746094e+01 4.524647903442382812e+01
7.311839475631713867e+02 4.570696449279785156e+01 2.190470314025878906e+01 4.447748947143554688e+01
7.313702297210693359e+02 4.655096244812011719e+01 2.164442062377929688e+01 4.478687667846679688e+01
7.325676088333129883e+02 4.410841178894042969e+01 2.102216148376464844e+01 4.523561477661132812e+01
7.333507461547851562e+02 4.432604217529296875e+01 2.062711334228515625e+01 4.485460662841796875e+01
7.340223922729492188e+02 4.398976516723632812e+01 1.948729705810546875e+01 4.427473449707031250e+01
7.340227088928222656e+02 4.435861968994140625e+01 1.937993621826171875e+01 4.460116577148437500e+01
7.343110284805297852e+02 4.330978965759277344e+01 1.928674888610839844e+01 4.415486526489257812e+01
7.362137002944946289e+02 4.477742385864257812e+01 1.774400138854980469e+01 4.378939056396484375e+01
7.334826812744140625e+02 4.007526779174804688e+01 1.983931732177734375e+01 4.549189758300781250e+01
7.325224361419677734e+02 4.122961997985839844e+01 2.049838638305664062e+01 4.515717697143554688e+01
7.320689668655395508e+02 4.161449241638183594e+01 2.065519523620605469e+01 4.483006668090820312e+01
7.336387577056884766e+02 4.081543350219726562e+01 1.953867721557617188e+01 4.720600891113281250e+01
7.332718830108642578e+02 4.207096481323242188e+01 2.013300704956054688e+01 4.825072479248046875e+01
7.313091039657592773e+02 4.126153373718261719e+01 2.173106575012207031e+01 4.637415695190429688e+01
7.316567659378051758e+02 4.117137527465820312e+01 2.130328178405761719e+01 5.731474304199218750e+01
7.325237722396850586e+02 4.122115325927734375e+01 2.091404151916503906e+01 5.243289947509765625e+01
7.310600767135620117e+02 3.967490959167480469e+01 2.252705574035644531e+01 5.620521163940429688e+01
7.116982555389404297e+02 4.829122924804687500e+01 3.816474533081054688e+01 7.294512176513671875e+01
6.329870653152465820e+02 9.156955528259277344e+01 3.150117683410644531e+01 5.978965377807617188e+01
6.339797668457031250e+02 9.113970947265625000e+01 3.183593368530273438e+01 5.387549591064453125e+01
6.345124950408935547e+02 9.106988906860351562e+01 3.093862915039062500e+01 5.388818359375000000e+01
6.357956600189208984e+02 9.024445724487304688e+01 3.063955688476562500e+01 5.392599487304687500e+01
6.377290239334106445e+02 8.662797164916992188e+01 3.192051887512207031e+01 5.449847412109375000e+01
6.388153667449951172e+02 8.434094619750976562e+01 3.263644409179687500e+01 5.336676025390625000e+01
6.408936700820922852e+02 8.169312667846679688e+01 3.157738685607910156e+01 5.097534179687500000e+01
6.406861028671264648e+02 8.205196952819824219e+01 3.083569145202636719e+01 5.390543746948242188e+01
6.417050199508666992e+02 7.982782554626464844e+01 3.181140708923339844e+01 5.252215194702148438e+01
6.442878112792968750e+02 7.593609428405761719e+01 3.248637008666992188e+01 5.298028182983398438e+01
6.459145030975341797e+02 7.517373275756835938e+01 3.193020629882812500e+01 5.170471191406250000e+01
6.475150833129882812e+02 7.230542373657226562e+01 3.194317245483398438e+01 5.219520568847656250e+01
6.485218524932861328e+02 7.262691497802734375e+01 3.242118072509765625e+01 5.333377838134765625e+01
6.502529191970825195e+02 7.149769401550292969e+01 3.133450508117675781e+01 5.239455795288085938e+01
6.515181818008422852e+02 6.912116241455078125e+01 3.142418861389160156e+01 5.269388580322265625e+01
6.521133661270141602e+02 6.820138168334960938e+01 3.107418251037597656e+01 5.191415405273437500e+01
6.536232089996337891e+02 6.631850433349609375e+01 3.160677337646484375e+01 5.083455657958984375e+01
6.524537315368652344e+02 6.663005447387695312e+01 3.262138748168945312e+01 5.303596496582031250e+01
6.544275560379028320e+02 6.493328285217285156e+01 3.164668464660644531e+01 5.201129531860351562e+01
6.566896762847900391e+02 6.486415672302246094e+01 3.213431549072265625e+01 5.344750595092773438e+01
6.593088626861572266e+02 6.500714874267578125e+01 4.586804962158203125e+01 6.910597991943359375e+01
6.596496124267578125e+02 7.054367828369140625e+01 3.827444076538085938e+01 6.832373809814453125e+01
6.601254234313964844e+02 6.773534393310548296e+01 5.489320755004882812e+01 6.625373077392576704e+01
6.591955070495605469e+02 5.993427848815917969e+01 3.429799270629882812e+01 5.787179183959960938e+01
6.625311107635498047e+02 6.785371017456054688e+01 3.635528564453125000e+01 7.517573547363281250e+01
6.639331398010253906e+02 6.338709259033203125e+01 3.459376907348632812e+01 6.696578216552734375e+01
6.658257274627685547e+02 5.499800872802732954e+01 4.732148742675781250e+01 8.416967010498048296e+01
6.662833061218261719e+02 2.712704467773437500e+01 3.599283218383789062e+01 8.034661102294921875e+01
6.667580127716064453e+02 5.399245262145996094e+01 3.233408355712890625e+01 5.922700119018554688e+01
6.713229579925537109e+02 4.622937011718750000e+01 8.267704200744628906e+01 6.506549835205078125e+01
6.626231069564819336e+02 2.714584350585937500e+01 2.900159454345703125e+01 4.893306732177734375e+01
6.678774337768554688e+02 4.465029144287109375e+01 2.541795921325683594e+01 4.273459625244140625e+01
6.697832517623901367e+02 5.422811889648437500e+01 2.321366882324218750e+01 3.602039337158203125e+01
6.725462703704833984e+02 5.415884017944335938e+01 2.521629524230957031e+01 3.805859375000000000e+01
6.761444206237792969e+02 5.295280075073242188e+01 2.338129234313964844e+01 3.522305297851562500e+01
6.776275434494018555e+02 5.225782585144042969e+01 2.373429107666015625e+01 3.768531417846679688e+01
6.798014326095581055e+02 5.157178878784179688e+01 2.517681884765625000e+01 3.710735321044921875e+01
6.782564334869384766e+02 5.132680702209472656e+01 2.633470344543457031e+01 3.734257125854492188e+01
6.800216770172119141e+02 5.028374862670898438e+01 2.623947334289550781e+01 3.785543060302734375e+01
6.823661880493164062e+02 4.897021675109863281e+01 2.395680809020996094e+01 3.713024520874023438e+01
6.850524921417236328e+02 4.714812469482421875e+01 2.399400520324707031e+01 3.504394531250000000e+01
6.848417749404907227e+02 4.716908454895019531e+01 2.480876541137695312e+01 3.733018875122070312e+01
6.848746414184570312e+02 4.689595794677734375e+01 2.522111320495605469e+01 3.573777008056640625e+01
6.860305480957031250e+02 4.612846946716308594e+01 2.524699974060058594e+01 3.755606460571289062e+01
6.877286930084228516e+02 4.432730674743652344e+01 2.544507789611816406e+01 3.600981521606445312e+01
6.893059616088867188e+02 4.413892936706542969e+01 2.529570579528808594e+01 3.578915023803710938e+01
6.910011167526245117e+02 4.217541503906250000e+01 2.431487274169921875e+01 3.482314300537109375e+01
6.893706655502319336e+02 4.332399177551269531e+01 2.474137878417968750e+01 3.603900527954101562e+01
6.915133476257324219e+02 4.248774719238281250e+01 2.468042564392089844e+01 3.613565063476562500e+01
6.930773200988769531e+02 3.938404273986816406e+01 2.401118278503417969e+01 3.701530075073242188e+01
6.954033088684082031e+02 3.951588630676269531e+01 2.343543052673339844e+01 3.578901290893554688e+01
6.969172153472900391e+02 3.884592437744140625e+01 2.270057868957519531e+01 3.570076751708984375e+01
6.968868265151977539e+02 3.782330513000488281e+01 2.319998550415039062e+01 3.631443405151367188e+01
6.978748874664306641e+02 3.813099479675292969e+01 2.279806709289550781e+01 3.561400222778320312e+01
6.996993579864501953e+02 3.681767082214355469e+01 2.378069496154785156e+01 3.535924148559570312e+01
6.999560756683349609e+02 3.774693489074707031e+01 2.319571113586425781e+01 3.510290908813476562e+01
7.010987224578857422e+02 3.664908027648925781e+01 2.309696388244628906e+01 3.465505599975585938e+01
7.014966583251953125e+02 3.645345878601074219e+01 2.311549186706542969e+01 3.457455825805664062e+01
7.023505592346191406e+02 3.544879531860351562e+01 2.320366477966308594e+01 3.509549713134765625e+01
7.047956647872924805e+02 3.477274894714355469e+01 2.308637237548828125e+01 3.515660476684570312e+01
7.053426380157470703e+02 3.426506423950195312e+01 2.333175849914550781e+01 3.588940429687500000e+01
7.065132732391357422e+02 3.415392303466796875e+01 2.256639289855957031e+01 3.422209167480468750e+01
7.069428720474243164e+02 3.342514228820800781e+01 2.319060897827148438e+01 3.452919387817382812e+01
7.078464651107788086e+02 3.216272544860839844e+01 2.283333587646484375e+01 3.553554153442382812e+01
7.102723779678344727e+02 3.132808303833007812e+01 2.266728591918945312e+01 3.505011749267578125e+01
7.104629516601562500e+02 3.138410949707031250e+01 2.315476036071777344e+01 3.490816497802734375e+01
7.111482028961181641e+02 3.042729759216308594e+01 2.388837623596191406e+01 3.636278915405273438e+01
7.119317407608032227e+02 2.972805023193359375e+01 2.347525405883789062e+01 3.565772247314453125e+01
7.115915050506591797e+02 2.925653648376464844e+01 2.443610572814941406e+01 3.748933029174804688e+01
7.125562877655029297e+02 2.797943878173828125e+01 2.714677619934082031e+01 4.530832672119140625e+01
7.135361986160278320e+02 2.761729621887207031e+01 2.467183303833007812e+01 3.984617996215820312e+01
7.152959432601928711e+02 2.639325714111328125e+01 2.418968200683593750e+01 4.177690887451171875e+01
7.149194812774658203e+02 2.832754898071289062e+01 2.786979103088378906e+01 5.591003417968750000e+01
7.161000032424926758e+02 2.723700714111328125e+01 2.486423110961914062e+01 5.732498931884765625e+01
7.134295063018798828e+02 3.335345458984375000e+01 3.091752052307128906e+01 7.381842803955078125e+01
6.392178640365600586e+02 5.441692733764648438e+01 2.883155822753906250e+01 4.791697692871093750e+01
6.412092914581298828e+02 5.405067634582519531e+01 2.825312232971191406e+01 4.671904373168945312e+01
6.416379547119140625e+02 5.417704772949218750e+01 2.681841850280761719e+01 4.443862152099609375e+01
6.409381694793701172e+02 5.474841117858886719e+01 2.797033882141113281e+01 4.378315353393554688e+01
6.413158369064331055e+02 5.678959655761718750e+01 2.772507476806640625e+01 4.165056610107421875e+01
6.408405179977416992e+02 5.768697929382324219e+01 2.677046966552734375e+01 4.231209945678710938e+01
6.408297748565673828e+02 5.923702049255371094e+01 2.684298133850097656e+01 4.247045516967773438e+01
6.399322624206542969e+02 6.196384811401367188e+01 2.654738426208496094e+01 4.133317565917968750e+01
6.389768991470336914e+02 6.255007743835449219e+01 2.679299545288085938e+01 4.152898788452148438e+01
6.392901678085327148e+02 6.507098960876464844e+01 2.670986938476562500e+01 4.229046249389648438e+01
6.390639362335205078e+02 6.486139297485351562e+01 2.634082984924316406e+01 4.238983154296875000e+01
6.390041170120239258e+02 6.581722831726074219e+01 2.693890762329101562e+01 4.240647506713867188e+01
6.393710355758666992e+02 6.682434654235839844e+01 2.576564788818359375e+01 4.235146713256835938e+01
6.389203186035156250e+02 6.646868133544921875e+01 2.608360099792480469e+01 4.124578094482421875e+01
6.384388647079467773e+02 6.752079772949218750e+01 2.644804382324218750e+01 4.351770782470703125e+01
6.382882947921752930e+02 6.803629302978515625e+01 2.705875396728515625e+01 4.334105682373046875e+01
6.387070302963256836e+02 6.903836631774902344e+01 2.664175415039062500e+01 4.329871749877929688e+01
6.381528663635253906e+02 6.925019264221191406e+01 2.812065696716308594e+01 4.393606948852539062e+01
6.383668222427368164e+02 7.038711357116699219e+01 2.851916122436523438e+01 4.256098556518554688e+01
6.375195455551147461e+02 7.184429550170898438e+01 2.801980590820312500e+01 4.291329956054687500e+01
6.376116905212402344e+02 7.328833007812500000e+01 2.679945945739746094e+01 4.287856292724609375e+01
6.373585395812988281e+02 7.383543205261230469e+01 2.658713340759277344e+01 4.291778182983398438e+01
6.367328424453735352e+02 7.573595428466796875e+01 2.716743087768554688e+01 4.431877899169921875e+01
6.373500804901123047e+02 7.795037841796875000e+01 2.536961555480957031e+01 4.244049835205078125e+01
6.376250410079956055e+02 7.864110755920410156e+01 2.488368988037109375e+01 4.134238052368164062e+01
6.367889766693115234e+02 7.846617889404296875e+01 2.506743812561035156e+01 4.196099090576171875e+01
6.379080562591552734e+02 8.000155639648437500e+01 2.530311012268066406e+01 4.240888214111328125e+01
6.364131727218627930e+02 8.088919067382812500e+01 2.710134887695312500e+01 4.358927154541015625e+01
6.379285421371459961e+02 7.935499763488769531e+01 2.892758941650390625e+01 4.461836624145507812e+01
6.392359905242919922e+02 8.035232543945312500e+01 3.112470436096191406e+01 4.290857696533203125e+01
6.436215925216674805e+02 8.652490425109863281e+01 4.471148681640625000e+01 4.990370559692382812e+01
6.411195955276489258e+02 8.245500755310058594e+01 3.318934249877929688e+01 4.653837203979492188e+01
6.414496107101440430e+02 8.248804283142089844e+01 3.242233276367187500e+01 4.742527389526367188e+01
6.407660589218139648e+02 8.395017623901367188e+01 3.385739898681640625e+01 4.712223815917968750e+01
6.424636068344116211e+02 8.442477226257324219e+01 3.166400909423828125e+01 4.642507553100585938e+01
6.447548799514770508e+02 8.633836364746093750e+01 2.971990585327148438e+01 4.464127349853515625e+01
6.455411300659179688e+02 8.592715263366699219e+01 3.101564598083496094e+01 4.867907333374023438e+01
6.482243576049804688e+02 8.727460479736328125e+01 2.989958763122558594e+01 4.536782073974609375e+01
6.465776910781860352e+02 8.865329551696777344e+01 3.054414749145507812e+01 4.784840011596679688e+01
6.515662689208984375e+02 8.966408348083496094e+01 2.889708518981933594e+01 4.689129257202148438e+01
6.510726633071899414e+02 9.140888595581054688e+01 3.095016860961914062e+01 5.009561157226562500e+01
6.525954580307006836e+02 9.215907859802246094e+01 3.106310272216796875e+01 4.831312179565429688e+01
6.532582902908325195e+02 9.409827613830566406e+01 3.003776168823242188e+01 4.748549270629882812e+01
6.547623910903930664e+02 9.474917602539062500e+01 2.984111404418945312e+01 4.851062774658203125e+01
6.564871549606323242e+02 9.623265075683593750e+01 2.907365417480468750e+01 4.610662078857421875e+01
6.597013731002807617e+02 9.725837135314941406e+01 3.039785766601562500e+01 4.806940078735351562e+01
6.643027353286743164e+02 9.859917831420898438e+01 3.058382034301757812e+01 4.584054565429687500e+01
6.635383825302124023e+02 1.007725009918212891e+02 3.148941802978515625e+01 4.507124710083007812e+01
6.664369144439697266e+02 1.010814876556396484e+02 2.950074958801269531e+01 4.395333480834960938e+01
6.659234676361083984e+02 1.028135280609130859e+02 3.009151649475097656e+01 4.516451644897460938e+01
6.675278425216674805e+02 1.075673675537109375e+02 2.842430114746093750e+01 4.416304779052734375e+01
6.776398153305053711e+02 1.033434867858886719e+02 2.908547210693359375e+01 4.067910766601562500e+01
6.739601631164550781e+02 1.071779766082763672e+02 3.088732719421386719e+01 4.217943954467773438e+01
6.771914329528808594e+02 1.089401931762695312e+02 2.920408439636230469e+01 4.254123687744140625e+01
6.777628183364868164e+02 1.095603828430175781e+02 3.155055618286132812e+01 4.569995117187500000e+01
6.886965017318725586e+02 1.088959083557128906e+02 2.800986480712890625e+01 4.535652160644531250e+01
6.920530414581298828e+02 1.103459739685058594e+02 2.914785957336425781e+01 4.757392883300781250e+01
6.950428295135498047e+02 1.121421833038330078e+02 3.100869178771972656e+01 5.030601882934570312e+01
6.951393804550170898e+02 1.126655502319335938e+02 2.979875946044921875e+01 4.912837982177734375e+01
7.022525463104248047e+02 1.130794448852539062e+02 3.075771522521972656e+01 5.154322052001953125e+01
7.097194480895996094e+02 1.159895687103271484e+02 3.076298332214355469e+01 5.504630661010742188e+01
7.087900819778442383e+02 1.135658798217773438e+02 3.477910995483398438e+01 5.716349029541015625e+01
7.127132577896118164e+02 1.176159591674804688e+02 3.331648635864257812e+01 5.542382049560546875e+01
7.156204309463500977e+02 1.193564262390136719e+02 3.263974380493164062e+01 5.040640258789062500e+01
7.173885116577148438e+02 1.204750041961669922e+02 3.170950889587402344e+01 4.556307601928710938e+01
7.209278926849365234e+02 1.199536094665527344e+02 3.108828163146972656e+01 5.289335632324218750e+01
7.012751092910766602e+02 7.621427154541015625e+01 4.999185562133789062e+01 7.563873291015625000e+01
6.901545724868774414e+02 6.610169410705566406e+01 3.287303543090820312e+01 5.898328781127929688e+01
6.903572702407836914e+02 6.645222091674806109e+01 3.033201980590820312e+01 5.229421234130859375e+01
6.900944757461547852e+02 6.614533805847169390e+01 2.909320449829101562e+01 4.685873794555664062e+01
6.918927774429321289e+02 6.476512336730958452e+01 2.856126785278320312e+01 3.725716781616210938e+01
6.912096090316772461e+02 6.587432098388673296e+01 2.903923797607421875e+01 4.382453918457031250e+01
6.933535881042480469e+02 6.425424766540528765e+01 2.778077507019042969e+01 4.093082046508789062e+01
6.930163621902465820e+02 6.481468009948731890e+01 2.740362167358398438e+01 4.204909133911132812e+01
6.925177106857299805e+02 6.403656768798829546e+01 2.778649902343750000e+01 4.464326477050781250e+01
6.925709714889526367e+02 6.404985809326173296e+01 2.830290222167968750e+01 4.687525939941406250e+01
6.927837381362915039e+02 6.387438392639161577e+01 2.820605850219726562e+01 4.472578048706054688e+01
6.931122236251831055e+02 6.373304557800294390e+01 2.833642578125000000e+01 4.524690628051757812e+01
6.926474561691284180e+02 6.418733596801759234e+01 2.848445129394531250e+01 4.520642852783203125e+01
6.932846460342407227e+02 6.157881736755372515e+01 2.797354507446289062e+01 4.527151870727539062e+01
6.922743196487426758e+02 5.995732879638673296e+01 2.793073654174804688e+01 4.807252502441406250e+01
6.913853092193603516e+02 6.001546287536622515e+01 2.839358711242675781e+01 4.873341751098632812e+01
6.926142377853393555e+02 5.838442039489747515e+01 2.731013488769531250e+01 4.733783340454101562e+01
6.923439579010009766e+02 5.862557601928712359e+01 2.764976692199707031e+01 4.785962677001953125e+01
6.932936611175537109e+02 5.761827659606935015e+01 2.652901649475097656e+01 4.674309158325195312e+01
6.941155338287353516e+02 5.748720550537110796e+01 2.570720100402832031e+01 4.527041625976562500e+01
6.951863336563110352e+02 5.585961914062501421e+01 2.504280471801757812e+01 4.177717590332031250e+01
6.932095298767089844e+02 5.547954368591310015e+01 2.621977043151855469e+01 4.379179763793945312e+01
6.939424467086791992e+02 5.598181915283204546e+01 2.584565734863281250e+01 4.364193725585937500e+01
6.939699096679687500e+02 5.487553787231446734e+01 2.608556175231933594e+01 4.315964508056640625e+01
6.908706607818603516e+02 5.446085739135743609e+01 2.836203193664550781e+01 4.336693572998046875e+01
6.910203294754028320e+02 5.425623321533204546e+01 2.815383529663085938e+01 4.405108642578125000e+01
6.911883535385131836e+02 5.403638267517091265e+01 2.811795806884765625e+01 4.317152786254882812e+01
6.907461433410644531e+02 5.379425048828126421e+01 2.953964042663574219e+01 4.594367980957031250e+01
6.917991409301757812e+02 5.251064872741700640e+01 2.744894981384277344e+01 4.324516677856445312e+01
6.906988258361816406e+02 5.167489051818849077e+01 2.833770561218261719e+01 4.742913436889648438e+01
6.930329751968383789e+02 4.982985877990724077e+01 2.682323074340820312e+01 4.273957443237304688e+01
6.938271598815917969e+02 5.056824111938477984e+01 2.596725273132324219e+01 4.277288055419921875e+01
6.933608493804931641e+02 4.952840042114259234e+01 2.595331001281738281e+01 4.292067718505859375e+01
6.938970212936401367e+02 4.995900344848634234e+01 2.572535705566406250e+01 4.257025909423828125e+01
6.944139032363891602e+02 4.934560966491700640e+01 2.510077285766601562e+01 4.102318191528320312e+01
6.933402938842773438e+02 4.986814498901368609e+01 2.619795036315917969e+01 4.290633392333984375e+01
6.929253368377685547e+02 4.816172790527345171e+01 2.579033088684082031e+01 4.388479614257812500e+01
6.923227024078369141e+02 4.804197311401368609e+01 2.640868568420410156e+01 4.582375335693359375e+01
6.914851484298706055e+02 4.717570114135743609e+01 2.720948028564453125e+01 4.561003875732421875e+01
6.928749456405639648e+02 4.720308494567872515e+01 2.594293212890625000e+01 4.324397659301757812e+01
6.928753261566162109e+02 4.632574272155763140e+01 2.639868354797363281e+01 4.339603042602539062e+01
6.923351802825927734e+02 4.705657577514649859e+01 2.693394660949707031e+01 4.430446624755859375e+01
6.936894531250000000e+02 4.611135864257813921e+01 2.596133232116699219e+01 4.163525390625000000e+01
6.920509920120239258e+02 4.679473686218263140e+01 2.695756912231445312e+01 4.389528274536132812e+01
6.934134330749511719e+02 4.368423843383790484e+01 2.559810447692871094e+01 4.158258819580078125e+01
6.933317127227783203e+02 4.479403305053712359e+01 2.530036354064941406e+01 4.100193023681640625e+01
6.933076572418212891e+02 4.428484916687013140e+01 2.604316139221191406e+01 4.446144485473632812e+01
6.938940038681030273e+02 4.360010910034181109e+01 2.538449096679687500e+01 4.164632415771484375e+01
6.933048391342163086e+02 4.422346115112306109e+01 2.592147827148437500e+01 4.376860809326171875e+01
6.939430732727050781e+02 4.260184097290040484e+01 2.495877647399902344e+01 4.200113677978515625e+01
6.934430074691772461e+02 4.288382911682130327e+01 2.561042785644531250e+01 4.633381271362304688e+01
6.928630867004394531e+02 4.210082054138185015e+01 2.631073570251464844e+01 4.829007339477539062e+01
6.923926239013671875e+02 4.195699691772462359e+01 2.628408622741699219e+01 4.802663421630859375e+01
6.919588356018066406e+02 4.236023902893067827e+01 2.680563926696777344e+01 4.929302597045898438e+01
6.931530570983886719e+02 4.065762138366700640e+01 2.657275962829589844e+01 4.895169448852539062e+01
6.924635839462280273e+02 4.065012168884278765e+01 2.677270507812500000e+01 4.875853347778320312e+01
6.928982210159301758e+02 4.043159103393556109e+01 2.665013504028320312e+01 4.817176055908203125e+01
6.925248680114746094e+02 4.038338279724122515e+01 2.702162742614746094e+01 4.812161636352539062e+01
6.924660282135009766e+02 4.067924308776856890e+01 2.680166053771972656e+01 4.774512100219726562e+01
6.932127504348754883e+02 3.850534629821778765e+01 2.713359451293945312e+01 4.938507461547851562e+01
6.944469861984252930e+02 4.189880752563477984e+01 3.494959259033203125e+01 5.062284088134765625e+01
6.919114828109741211e+02 3.712006378173829546e+01 2.974659729003906250e+01 5.383369445800781250e+01
6.988561334609985352e+02 5.140722846984864702e+01 3.923302841186523438e+01 5.369301986694335938e+01
6.929171009063720703e+02 3.763196563720704546e+01 2.780121803283691406e+01 5.672335815429687500e+01
6.957284555435180664e+02 4.495032119750977984e+01 3.394753646850585938e+01 5.233257293701171875e+01
6.942104940414428711e+02 3.647307205200196734e+01 2.555517578125000000e+01 4.743021392822265625e+01
6.942441701889038086e+02 3.684536933898927202e+01 2.530027770996093750e+01 4.792698287963867188e+01
6.936696348190307617e+02 3.690802574157716265e+01 2.698040008544921875e+01 4.827089309692382812e+01
6.935906877517700195e+02 3.507659721374513140e+01 2.746103286743164062e+01 5.070187759399414062e+01
6.944050035476684570e+02 3.443107414245606890e+01 2.641241836547851562e+01 4.979719924926757812e+01
6.944292716979980469e+02 3.402124977111817827e+01 2.543457603454589844e+01 4.593493270874023438e+01
6.942393589019775391e+02 3.476642227172852984e+01 2.550693702697753906e+01 4.418257904052734375e+01
6.946644601821899414e+02 3.408744621276856890e+01 2.592264938354492188e+01 4.491765213012695312e+01
6.947668790817260742e+02 3.412073707580567827e+01 2.538596343994140625e+01 4.425172042846679688e+01
6.953755788803100586e+02 3.572030258178712359e+01 2.919087219238281250e+01 4.775470733642578125e+01
6.947063093185424805e+02 3.450463485717774859e+01 2.859758758544921875e+01 5.021059417724609375e+01
6.959245462417602539e+02 3.099683570861817827e+01 2.436988449096679688e+01 4.560509872436523438e+01
6.961884117126464844e+02 3.054541397094727984e+01 2.368646812438964844e+01 4.371749114990234375e+01
6.955421028137207031e+02 3.057483100891114702e+01 2.372881889343261719e+01 4.430624008178710938e+01
6.963383808135986328e+02 3.000491905212403765e+01 2.396635627746582031e+01 4.238199234008789062e+01
6.966758260726928711e+02 3.060088348388673296e+01 2.353630828857421875e+01 4.287956237792968750e+01
6.964609613418579102e+02 2.980797386169435015e+01 2.354072189331054688e+01 4.420449447631835938e+01
6.959265632629394531e+02 2.950587463378907671e+01 2.348918724060058594e+01 4.354531097412109375e+01
6.956359500885009766e+02 2.903891754150392046e+01 2.314861488342285156e+01 4.391277313232421875e+01
6.962772483825683594e+02 2.802473068237306109e+01 2.314925193786621094e+01 4.272908782958984375e+01
6.956753759384155273e+02 2.832139205932618609e+01 2.373336029052734375e+01 4.242708587646484375e+01
6.958516197204589844e+02 2.804499053955079546e+01 2.382986259460449219e+01 4.223486328125000000e+01
6.958390903472900391e+02 2.764947128295899859e+01 2.409453010559082031e+01 4.251451110839843750e+01
6.960006847381591797e+02 2.859877014160157671e+01 2.425840187072753906e+01 4.213547515869140625e+01
6.969648523330688477e+02 2.671435737609864702e+01 2.258694839477539062e+01 3.988972854614257812e+01
6.965617713928222656e+02 2.640460014343263140e+01 2.282678031921386719e+01 4.248992538452148438e+01
6.973548841476440430e+02 2.699909019470216265e+01 3.194065856933593750e+01 4.693868637084960938e+01
6.958031415939331055e+02 2.562409400939942827e+01 2.562577819824218750e+01 4.655238723754882812e+01
6.960020427703857422e+02 2.622337532043458452e+01 2.594005775451660156e+01 4.515228652954101562e+01
6.970301914215087891e+02 2.565416717529298296e+01 2.327311897277832031e+01 4.163170623779296875e+01
6.965437088012695312e+02 2.528518295288087359e+01 2.316432762145996094e+01 4.106024169921875000e+01
6.963542852401733398e+02 2.457205772399903765e+01 2.439706420898437500e+01 4.313837051391601562e+01
6.960349731445312500e+02 2.437734222412110796e+01 2.289401054382324219e+01 4.090103912353515625e+01
6.964256925582885742e+02 2.365509033203126421e+01 2.297456359863281250e+01 4.304708862304687500e+01
6.964083871841430664e+02 2.327660369873048296e+01 2.326330184936523438e+01 4.276312255859375000e+01
6.959512920379638672e+02 2.347889518737794390e+01 2.319889259338378906e+01 4.111736679077148438e+01
6.954450225830078125e+02 2.329223442077638140e+01 2.416836357116699219e+01 4.116877365112304688e+01
6.960268068313598633e+02 2.357163810729981890e+01 2.345473861694335938e+01 3.948676681518554688e+01
6.954873180389404297e+02 2.405035400390626421e+01 2.630323982238769531e+01 4.141359710693359375e+01
6.967029075622558594e+02 2.254305648803712359e+01 2.313713645935058594e+01 3.979801940917968750e+01
7.024175004959106445e+02 3.252608871459962359e+01 5.158249950408935547e+01 5.011503601074218750e+01
6.769673371315002441e+02 3.904697036743166905e+01 7.703266286849975586e+01 8.869493103027343750e+01
6.946140949726104736e+02 2.071134376525881748e+01 2.773078536987304688e+01 4.471022415161132812e+01
6.811260368824005127e+02 3.087792587280276280e+01 6.691187286376953125e+01 5.508157348632812500e+01
6.273166725635528564e+02 1.826865768432620030e+01 1.222172164916992188e+02 7.318060302734375000e+01
6.838268673419952393e+02 1.836664772033694248e+01 4.159410476684570312e+01 6.026211929321289062e+01
6.318283188343048096e+02 1.510881423950198155e+01 1.120223541259765625e+02 6.763009643554687500e+01
6.423366730213165283e+02 4.676802062988284092e+01 1.116633269786834717e+02 8.608502960205078125e+01
6.700284916162490845e+02 3.033124923706057530e+01 6.108330917358398438e+01 1.255839385986328125e+02
7.044170261621475220e+02 1.109136104583740519e+02 4.220223617553710938e+01 5.010317611694335938e+01
6.978331772089004517e+02 1.018258228302002237e+02 3.892138671875000000e+01 5.111711502075195312e+01
7.054114414453506470e+02 1.107677974700928019e+02 4.008756637573242188e+01 4.442287826538085938e+01
7.004147793054580688e+02 1.003083515167236612e+02 4.486165237426757812e+01 5.255888748168945312e+01
6.504614578485488892e+02 9.600751113891602984e+01 7.187107086181640625e+01 5.644197082519529829e+01
6.030251861810684204e+02 3.272887802124023438e+01 1.064591751098632812e+02 1.178058166503906250e+02
5.046977039575576782e+02 8.368633270263671875e+00 3.256517410278320312e+01 5.450988769531250000e+01
5.091110864877700806e+02 1.939933776855468750e+00 2.687557029724121094e+01 4.416944122314453125e+01
5.083434187173843384e+02 6.817054748535156250e-01 2.435157966613769531e+01 3.319284057617187500e+01
5.059970995187759399e+02 7.378482818603515625e-01 2.328027153015136719e+01 3.384389114379882812e+01
5.094814287424087524e+02 1.185413360595703125e+00 2.248324394226074219e+01 3.514840698242187500e+01
5.047557932138442993e+02 7.812080383300781250e-01 2.323280906677246094e+01 3.213323211669921875e+01
5.082690101861953735e+02 3.031930923461843008e-01 2.194696044921875000e+01 3.001360893249511719e+01
5.035006576776504517e+02 4.727325439453053946e-01 2.450188446044921875e+01 3.223248291015625000e+01
5.092130609750747681e+02 6.847028732299733633e-01 2.079843711853027344e+01 3.031634712219238281e+01
5.043750768899917603e+02 1.050810813903808594e+00 2.336317634582519531e+01 3.181091499328613281e+01
5.077038151025772095e+02 3.810338973998952383e-01 2.216120529174804688e+01 2.990417671203613281e+01
5.057742143869400024e+02 3.229789733886647696e-01 2.369757652282714844e+01 2.997338104248046875e+01
5.095300804376602173e+02 3.834409713744975079e-01 2.181340789794921875e+01 2.996314430236816406e+01
5.046895576715469360e+02 3.864402770995951641e-01 2.315048980712890625e+01 3.338880920410156250e+01
5.057804857492446899e+02 1.750898361205912579e-01 2.435497093200683594e+01 3.154399299621582031e+01
5.085596529245376587e+02 1.657905578613259934e+00 2.285925102233886719e+01 3.265407562255859375e+01
5.039196430444717407e+02 5.460481643676473595e-01 2.360075759887695312e+01 3.168394279479980469e+01
5.076732012033462524e+02 1.097285270690882442e+00 2.232201194763183594e+01 3.156665229797363281e+01
5.060559889078140259e+02 5.996952056884339299e-01 2.416285896301269531e+01 3.088975143432617188e+01
5.069864031076431274e+02 5.981950759887197933e-01 2.356558799743652344e+01 3.134753990173339844e+01
5.060467144250869751e+02 2.070159912108877620e-01 2.369623947143554688e+01 3.251493835449218750e+01
5.054526716470718384e+02 1.457235336303661200e+00 2.604770088195800781e+01 3.705550003051757812e+01
5.053472744226455688e+02 1.065263748168895575e+00 2.394012832641601562e+01 3.540063095092773438e+01
