2.370000000000000000e+02 2.370000000000000000e+02 2.370000000000000000e+02 2.370000000000000000e+02
2.388804063796997070e+02 1.475259647369384766e+02 2.275978660583496094e+01 4.670806503295898438e+01
2.398109264373779297e+02 1.480332603454589844e+02 2.281459426879882812e+01 4.657218170166015625e+01
2.409218521118164062e+02 1.467492237091064453e+02 2.260910034179687500e+01 4.636628341674804688e+01
2.426020488739013672e+02 1.469213466644287109e+02 2.213328933715820312e+01 4.549391555786132812e+01
2.435384569168090820e+02 1.470182456970214844e+02 2.256168174743652344e+01 4.579757690429687500e+01
2.443284664154052734e+02 1.470950908660888672e+02 2.270753860473632812e+01 4.580205917358398438e+01
2.448283262252807617e+02 1.467777385711669922e+02 2.299848365783691406e+01 4.609061813354492188e+01
2.446316251754760742e+02 1.465356388092041016e+02 2.331118202209472656e+01 4.607945632934570312e+01
2.450292720794677734e+02 1.458583068847656250e+02 2.385432815551757812e+01 4.582190704345703125e+01
2.454008140563964844e+02 1.464682388305664062e+02 2.400618743896484375e+01 4.578542327880859375e+01
2.452257013320922852e+02 1.465260982513427734e+02 2.413352775573730469e+01 4.549596786499023438e+01
2.455306415557861328e+02 1.468090362548828125e+02 2.401134872436523438e+01 4.508802032470703125e+01
2.457031354904174805e+02 1.473764533996582031e+02 2.408051490783691406e+01 4.495899963378906250e+01
-1.000000000000000000e+00 -1.000000000000000000e+00 -1.000000000000000000e+00 -1.000000000000000000e+00
2.477771825790405273e+02 1.480348205566406250e+02 2.220419502258300781e+01 4.418311309814453125e+01
-1.000000000000000000e+00 -1.000000000000000000e+00 -1.000000000000000000e+00 -1.000000000000000000e+00
2.504732141494750977e+02 1.477604980468750000e+02 2.045072746276855469e+01 4.272096252441406250e+01
2.511798124313354492e+02 1.466381664276123047e+02 2.047416877746582031e+01 4.309123611450195312e+01
-1.000000000000000000e+00 -1.000000000000000000e+00 -1.000000000000000000e+00 -1.000000000000000000e+00
2.512913255691528320e+02 1.464670429229736328e+02 2.066308403015136719e+01 4.374106979370117188e+01
2.521098470687866211e+02 1.474101142883300781e+02 2.049667549133300781e+01 4.326273345947265625e+01
2.518114290237426758e+02 1.483122711181640625e+02 2.138199424743652344e+01 4.355584716796875000e+01
-1.000000000000000000e+00 -1.000000000000000000e+00 -1.000000000000000000e+00 -1.000000000000000000e+00
2.502823190689086914e+02 1.469430084228515625e+02 2.394750785827636719e+01 4.304179382324218750e+01
2.497749404907226562e+02 1.474390048980712891e+02 2.472770690917968750e+01 4.311347579956054688e+01
2.501112089157104492e+02 1.489097576141357422e+02 2.432958412170410156e+01 4.257565689086914062e+01
-1.000000000000000000e+00 -1.000000000000000000e+00 -1.000000000000000000e+00 -1.000000000000000000e+00
-1.000000000000000000e+00 -1.000000000000000000e+00 -1.000000000000000000e+00 -1.000000000000000000e+00
-1.000000000000000000e+00 -1.000000000000000000e+00 -1.000000000000000000e+00 -1.000000000000000000e+00
2.526930036544799805e+02 1.490090312957763672e+02 2.337647438049316406e+01 4.054380416870117188e+01
2.531914834976196289e+02 1.490879383087158203e+02 2.377976799011230469e+01 4.144553756713867188e+01
2.531431837081909180e+02 1.490999107360839844e+02 2.288702583312988281e+01 4.045162200927734375e+01
2.532872524261474609e+02 1.490331344604492188e+02 2.219617080688476562e+01 4.126822662353515625e+01
2.540940036773681641e+02 1.493369579315185547e+02 2.199964523315429688e+01 4.018763351440429688e+01
2.526106948852539062e+02 1.495941429138183594e+02 2.189301300048828125e+01 4.166796875000000000e+01
2.526195020675659180e+02 1.508579769134521484e+02 2.022762489318847656e+01 3.933570480346679688e+01
-1.000000000000000000e+00 -1.000000000000000000e+00 -1.000000000000000000e+00 -1.000000000000000000e+00
-1.000000000000000000e+00 -1.000000000000000000e+00 -1.000000000000000000e+00 -1.000000000000000000e+00
2.490338659286499023e+02 1.487733383178710938e+02 2.099647712707519531e+01 4.156982421875000000e+01
2.474928331375122070e+02 1.482979831695556641e+02 2.159808158874511719e+01 4.183578109741210938e+01
2.460517234802246094e+02 1.471715412139892578e+02 2.197898864746093750e+01 4.150181961059570312e+01
2.438996267318725586e+02 1.465248451232910156e+02 2.347889900207519531e+01 4.344442749023437500e+01
2.425388555526733398e+02 1.469736194610595703e+02 2.467074775695800781e+01 4.374956130981445312e+01
2.418523387908935547e+02 1.464368553161621094e+02 2.548512649536132812e+01 4.428004455566406250e+01
-1.000000000000000000e+00 -1.000000000000000000e+00 -1.000000000000000000e+00 -1.000000000000000000e+00
-1.000000000000000000e+00 -1.000000000000000000e+00 -1.000000000000000000e+00 -1.000000000000000000e+00
-1.000000000000000000e+00 -1.000000000000000000e+00 -1.000000000000000000e+00 -1.000000000000000000e+00
2.426253738403320312e+02 1.462769966125488281e+02 2.461753845214843750e+01 4.610960388183593750e+01
2.435295124053955078e+02 1.461359958648681641e+02 2.422918319702148438e+01 4.636755752563476562e+01
2.437019767761230469e+02 1.474428901672363281e+02 2.349160003662109375e+01 4.591184997558593750e+01
2.444381990432739258e+02 1.483881092071533203e+02 2.301964378356933594e+01 4.584430313110351562e+01
-1.000000000000000000e+00 -1.000000000000000000e+00 -1.000000000000000000e+00 -1.000000000000000000e+00
2.434321393966674805e+02 1.480582504272460938e+02 2.232896614074707031e+01 4.625986480712890625e+01
-1.000000000000000000e+00 -1.000000000000000000e+00 -1.000000000000000000e+00 -1.000000000000000000e+00
-1.000000000000000000e+00 -1.000000000000000000e+00 -1.000000000000000000e+00 -1.000000000000000000e+00
-1.000000000000000000e+00 -1.000000000000000000e+00 -1.000000000000000000e+00 -1.000000000000000000e+00
-1.000000000000000000e+00 -1.000000000000000000e+00 -1.000000000000000000e+00 -1.000000000000000000e+00
-1.000000000000000000e+00 -1.000000000000000000e+00 -1.000000000000000000e+00 -1.000000000000000000e+00
-1.000000000000000000e+00 -1.000000000000000000e+00 -1.000000000000000000e+00 -1.000000000000000000e+00
2.322195491790771484e+02 1.481776580810546875e+02 2.588328933715820312e+01 4.609778594970703125e+01
-1.000000000000000000e+00 -1.000000000000000000e+00 -1.000000000000000000e+00 -1.000000000000000000e+00
2.278949832916259766e+02 1.484635086059570312e+02 2.628246688842773438e+01 4.562448883056640625e+01
2.255052042007446289e+02 1.473099193572998047e+02 2.624941825866699219e+01 4.572652816772460938e+01
2.235730447769165039e+02 1.454811954498291016e+02 2.585751152038574219e+01 4.697816848754882812e+01
2.208012237548828125e+02 1.459358119964599609e+02 2.532180786132812500e+01 4.651166915893554688e+01
-1.000000000000000000e+00 -1.000000000000000000e+00 -1.000000000000000000e+00 -1.000000000000000000e+00
-1.000000000000000000e+00 -1.000000000000000000e+00 -1.000000000000000000e+00 -1.000000000000000000e+00
-1.000000000000000000e+00 -1.000000000000000000e+00 -1.000000000000000000e+00 -1.000000000000000000e+00
-1.000000000000000000e+00 -1.000000000000000000e+00 -1.000000000000000000e+00 -1.000000000000000000e+00
-1.000000000000000000e+00 -1.000000000000000000e+00 -1.000000000000000000e+00 -1.000000000000000000e+00
2.074836616516113281e+02 1.487273216247558594e+02 2.259662628173828125e+01 4.528965759277343750e+01
2.049382400512695312e+02 1.518357372283935547e+02 2.246048736572265625e+01 4.330858993530273438e+01
2.033395032882690430e+02 1.509504756927490234e+02 2.340439033508300781e+01 4.486985397338867188e+01
-1.000000000000000000e+00 -1.000000000000000000e+00 -1.000000000000000000e+00 -1.000000000000000000e+00
2.009723529815673828e+02 1.497393074035644531e+02 2.491591262817382812e+01 4.624844360351562500e+01
2.002439155578613281e+02 1.478955802917480469e+02 2.609579467773437500e+01 4.724693298339843750e+01
1.995043077468872070e+02 1.481891269683837891e+02 2.591981315612792969e+01 4.757500076293945312e+01
-1.000000000000000000e+00 -1.000000000000000000e+00 -1.000000000000000000e+00 -1.000000000000000000e+00
-1.000000000000000000e+00 -1.000000000000000000e+00 -1.000000000000000000e+00 -1.000000000000000000e+00
1.999974832534790039e+02 1.470654182434082031e+02 2.586514854431152344e+01 4.927476501464843750e+01
-1.000000000000000000e+00 -1.000000000000000000e+00 -1.000000000000000000e+00 -1.000000000000000000e+00
2.030016689300537109e+02 1.467893009185791016e+02 2.406060409545898438e+01 4.820799636840820312e+01
2.032969646453857422e+02 1.481046504974365234e+02 2.344355392456054688e+01 4.715171432495117188e+01
-1.000000000000000000e+00 -1.000000000000000000e+00 -1.000000000000000000e+00 -1.000000000000000000e+00
2.059088478088378906e+02 1.486263046264648438e+02 2.153082275390625000e+01 4.697013092041015625e+01
-1.000000000000000000e+00 -1.000000000000000000e+00 -1.000000000000000000e+00 -1.000000000000000000e+00
2.078670015335083008e+02 1.498289051055908203e+02 2.268025016784667969e+01 4.771590042114257812e+01
-1.000000000000000000e+00 -1.000000000000000000e+00 -1.000000000000000000e+00 -1.000000000000000000e+00
-1.000000000000000000e+00 -1.000000000000000000e+00 -1.000000000000000000e+00 -1.000000000000000000e+00
-1.000000000000000000e+00 -1.000000000000000000e+00 -1.000000000000000000e+00 -1.000000000000000000e+00
2.059531021118164062e+02 1.504266242980957031e+02 2.526049041748046875e+01 4.752214050292968750e+01
2.054482269287109375e+02 1.505016860961914062e+02 2.629030609130859375e+01 4.742755889892578125e+01
-1.000000000000000000e+00 -1.000000000000000000e+00 -1.000000000000000000e+00 -1.000000000000000000e+00
-1.000000000000000000e+00 -1.000000000000000000e+00 -1.000000000000000000e+00 -1.000000000000000000e+00
-1.000000000000000000e+00 -1.000000000000000000e+00 -1.000000000000000000e+00 -1.000000000000000000e+00
2.069207677841186523e+02 1.530816841125488281e+02 2.673977088928222656e+01 4.665246582031250000e+01
2.088503341674804688e+02 1.533515853881835938e+02 2.617407989501953125e+01 4.701970672607421875e+01
2.114777622222900391e+02 1.544800491333007812e+02 2.489365005493164062e+01 4.666484832763671875e+01
2.142519979476928711e+02 1.566112518310546875e+02 2.363286781311035156e+01 4.543346405029296875e+01
-1.000000000000000000e+00 -1.000000000000000000e+00 -1.000000000000000000e+00 -1.000000000000000000e+00
2.178948907852172852e+02 1.561259574890136719e+02 2.229710960388183594e+01 4.573886108398437500e+01
-1.000000000000000000e+00 -1.000000000000000000e+00 -1.000000000000000000e+00 -1.000000000000000000e+00
-1.000000000000000000e+00 -1.000000000000000000e+00 -1.000000000000000000e+00 -1.000000000000000000e+00
-1.000000000000000000e+00 -1.000000000000000000e+00 -1.000000000000000000e+00 -1.000000000000000000e+00
2.257494354248046875e+02 1.522366580963134766e+02 2.350078582763671875e+01 4.711629104614257812e+01
-1.000000000000000000e+00 -1.000000000000000000e+00 -1.000000000000000000e+00 -1.000000000000000000e+00
2.275486993789672852e+02 1.507734603881835938e+02 2.539906883239746094e+01 4.653433990478515625e+01
-1.000000000000000000e+00 -1.000000000000000000e+00 -1.000000000000000000e+00 -1.000000000000000000e+00
2.296132459640502930e+02 1.514562854766845703e+02 2.588607978820800781e+01 4.670090103149414062e+01
2.292603940963745117e+02 1.497776584625244141e+02 2.699684333801269531e+01 4.779922866821289062e+01
-1.000000000000000000e+00 -1.000000000000000000e+00 -1.000000000000000000e+00 -1.000000000000000000e+00
2.344385480880737305e+02 1.501422691345214844e+02 2.448440742492675781e+01 4.735238647460937500e+01
2.360236740112304688e+02 1.499644813537597656e+02 2.517081451416015625e+01 4.859030151367187500e+01
2.365234727859497070e+02 1.502459983825683594e+02 2.567016410827636719e+01 4.789945983886718750e+01
-1.000000000000000000e+00 -1.000000000000000000e+00 -1.000000000000000000e+00 -1.000000000000000000e+00
2.412186384201049805e+02 1.492176895141601562e+02 2.385316658020019531e+01 4.832076263427734375e+01
-1.000000000000000000e+00 -1.000000000000000000e+00 -1.000000000000000000e+00 -1.000000000000000000e+00
2.436151161193847656e+02 1.501748466491699219e+02 2.410304260253906250e+01 4.878520202636718750e+01
-1.000000000000000000e+00 -1.000000000000000000e+00 -1.000000000000000000e+00 -1.000000000000000000e+00
2.442256526947021484e+02 1.506727809906005859e+02 2.409589767456054688e+01 4.730131149291992188e+01
2.443053283691406250e+02 1.523866806030273438e+02 2.545090484619140625e+01 4.636266326904296875e+01
2.434747362136840820e+02 1.510597877502441406e+02 2.657645988464355469e+01 4.661247253417968750e+01
2.450031270980834961e+02 1.511953754425048828e+02 2.643326759338378906e+01 4.634866714477539062e+01
2.430568771362304688e+02 1.501095180511474609e+02 2.746793365478515625e+01 4.752621078491210938e+01
2.438729219436645508e+02 1.508776168823242188e+02 2.791775321960449219e+01 4.711112213134765625e+01
2.431811656951904297e+02 1.504751148223876953e+02 2.861422348022460938e+01 4.741484451293945312e+01
-1.000000000000000000e+00 -1.000000000000000000e+00 -1.000000000000000000e+00 -1.000000000000000000e+00
-1.000000000000000000e+00 -1.000000000000000000e+00 -1.000000000000000000e+00 -1.000000000000000000e+00
-1.000000000000000000e+00 -1.000000000000000000e+00 -1.000000000000000000e+00 -1.000000000000000000e+00
2.448339414596557617e+02 1.499411354064941406e+02 2.635179328918457031e+01 4.685435485839843750e+01
-1.000000000000000000e+00 -1.000000000000000000e+00 -1.000000000000000000e+00 -1.000000000000000000e+00
-1.000000000000000000e+00 -1.000000000000000000e+00 -1.000000000000000000e+00 -1.000000000000000000e+00
2.436072826385498047e+02 1.510603427886962891e+02 2.240253829956054688e+01 4.587643814086914062e+01
2.419369897842407227e+02 1.512099685668945312e+02 2.274979209899902344e+01 4.622882843017578125e+01
-1.000000000000000000e+00 -1.000000000000000000e+00 -1.000000000000000000e+00 -1.000000000000000000e+00
-1.000000000000000000e+00 -1.000000000000000000e+00 -1.000000000000000000e+00 -1.000000000000000000e+00
2.353119754791259766e+02 1.484249992370605469e+02 2.338095474243164062e+01 4.746032714843750000e+01
-1.000000000000000000e+00 -1.000000000000000000e+00 -1.000000000000000000e+00 -1.000000000000000000e+00
-1.000000000000000000e+00 -1.000000000000000000e+00 -1.000000000000000000e+00 -1.000000000000000000e+00
-1.000000000000000000e+00 -1.000000000000000000e+00 -1.000000000000000000e+00 -1.000000000000000000e+00
-1.000000000000000000e+00 -1.000000000000000000e+00 -1.000000000000000000e+00 -1.000000000000000000e+00
-1.000000000000000000e+00 -1.000000000000000000e+00 -1.000000000000000000e+00 -1.000000000000000000e+00
-1.000000000000000000e+00 -1.000000000000000000e+00 -1.000000000000000000e+00 -1.000000000000000000e+00
-1.000000000000000000e+00 -1.000000000000000000e+00 -1.000000000000000000e+00 -1.000000000000000000e+00
-1.000000000000000000e+00 -1.000000000000000000e+00 -1.000000000000000000e+00 -1.000000000000000000e+00
-1.000000000000000000e+00 -1.000000000000000000e+00 -1.000000000000000000e+00 -1.000000000000000000e+00
-1.000000000000000000e+00 -1.000000000000000000e+00 -1.000000000000000000e+00 -1.000000000000000000e+00
2.135792398452758789e+02 1.483885669708251953e+02 2.281974601745605469e+01 4.523192214965820312e+01
-1.000000000000000000e+00 -1.000000000000000000e+00 -1.000000000000000000e+00 -1.000000000000000000e+00
2.120985374450683594e+02 1.472307777404785156e+02 2.307466888427734375e+01 4.596057891845703125e+01
-1.000000000000000000e+00 -1.000000000000000000e+00 -1.000000000000000000e+00 -1.000000000000000000e+00
2.094121170043945312e+02 1.481003837585449219e+02 2.327532196044921875e+01 4.576853179931640625e+01
2.071614494323730469e+02 1.481265678405761719e+02 2.456184387207031250e+01 4.674524688720703125e+01
2.068136157989501953e+02 1.487932014465332031e+02 2.556282424926757812e+01 4.582918548583984375e+01
-1.000000000000000000e+00 -1.000000000000000000e+00 -1.000000000000000000e+00 -1.000000000000000000e+00
2.027248258590698242e+02 1.475718441009521484e+02 2.818968391418457031e+01 4.659997940063476562e+01
2.009785966873168945e+02 1.469117088317871094e+02 2.830076408386230469e+01 4.676732635498046875e+01
-1.000000000000000000e+00 -1.000000000000000000e+00 -1.000000000000000000e+00 -1.000000000000000000e+00
1.989727764129638672e+02 1.454710178375244141e+02 2.884823226928710938e+01 4.848814010620117188e+01
-1.000000000000000000e+00 -1.000000000000000000e+00 -1.000000000000000000e+00 -1.000000000000000000e+00
1.987619380950927734e+02 1.475234985351562500e+02 2.768250656127929688e+01 4.920964050292968750e+01
-1.000000000000000000e+00 -1.000000000000000000e+00 -1.000000000000000000e+00 -1.000000000000000000e+00
1.978238945007324219e+02 1.462198009490966797e+02 2.745297241210937500e+01 4.991360855102539062e+01
1.989222631454467773e+02 1.471117305755615234e+02 2.670865821838378906e+01 4.778732681274414062e+01
1.996230878829956055e+02 1.475067195892333984e+02 2.438228034973144531e+01 4.693129348754882812e+01
-1.000000000000000000e+00 -1.000000000000000000e+00 -1.000000000000000000e+00 -1.000000000000000000e+00
-1.000000000000000000e+00 -1.000000000000000000e+00 -1.000000000000000000e+00 -1.000000000000000000e+00
2.009432716369628906e+02 1.452134571075439453e+02 2.404217529296875000e+01 5.004035568237304688e+01
-1.000000000000000000e+00 -1.000000000000000000e+00 -1.000000000000000000e+00 -1.000000000000000000e+00
-1.000000000000000000e+00 -1.000000000000000000e+00 -1.000000000000000000e+00 -1.000000000000000000e+00
-1.000000000000000000e+00 -1.000000000000000000e+00 -1.000000000000000000e+00 -1.000000000000000000e+00
2.036512794494628906e+02 1.453065452575683594e+02 2.564857482910156250e+01 4.879628753662109375e+01
2.033688688278198242e+02 1.454794902801513672e+02 2.633296394348144531e+01 4.825568008422851562e+01
2.034245424270629883e+02 1.461747875213623047e+02 2.712560844421386719e+01 4.809856033325195312e+01
-1.000000000000000000e+00 -1.000000000000000000e+00 -1.000000000000000000e+00 -1.000000000000000000e+00
2.051955585479736328e+02 1.453510932922363281e+02 2.679469680786132812e+01 4.897022247314453125e+01
-1.000000000000000000e+00 -1.000000000000000000e+00 -1.000000000000000000e+00 -1.000000000000000000e+00
2.048054656982421875e+02 1.457363166809082031e+02 2.610697174072265625e+01 4.942256927490234375e+01
2.046096000671386719e+02 1.452841281890869141e+02 2.517543029785156250e+01 4.911185836791992188e+01
2.045574016571044922e+02 1.463939533233642578e+02 2.464971542358398438e+01 4.806049728393554688e+01
-1.000000000000000000e+00 -1.000000000000000000e+00 -1.000000000000000000e+00 -1.000000000000000000e+00
2.032850427627563477e+02 1.463818740844726562e+02 2.436580467224121094e+01 4.874945068359375000e+01
-1.000000000000000000e+00 -1.000000000000000000e+00 -1.000000000000000000e+00 -1.000000000000000000e+00
-1.000000000000000000e+00 -1.000000000000000000e+00 -1.000000000000000000e+00 -1.000000000000000000e+00
-1.000000000000000000e+00 -1.000000000000000000e+00 -1.000000000000000000e+00 -1.000000000000000000e+00
-1.000000000000000000e+00 -1.000000000000000000e+00 -1.000000000000000000e+00 -1.000000000000000000e+00
1.996629829406738281e+02 1.448750209808349609e+02 2.715954589843750000e+01 4.859495925903320312e+01
2.005976524353027344e+02 1.459319057464599609e+02 2.726853942871093750e+01 4.783502578735351562e+01
-1.000000000000000000e+00 -1.000000000000000000e+00 -1.000000000000000000e+00 -1.000000000000000000e+00
2.019784841537475586e+02 1.465580577850341797e+02 2.736203956604003906e+01 4.671860122680664062e+01
-1.000000000000000000e+00 -1.000000000000000000e+00 -1.000000000000000000e+00 -1.000000000000000000e+00
-1.000000000000000000e+00 -1.000000000000000000e+00 -1.000000000000000000e+00 -1.000000000000000000e+00
2.063283014297485352e+02 1.474571304321289062e+02 2.684877586364746094e+01 4.722923278808593750e+01
-1.000000000000000000e+00 -1.000000000000000000e+00 -1.000000000000000000e+00 -1.000000000000000000e+00
2.083215980529785156e+02 1.431028842926025391e+02 2.652056884765625000e+01 5.032038497924804688e+01
-1.000000000000000000e+00 -1.000000000000000000e+00 -1.000000000000000000e+00 -1.000000000000000000e+00
-1.000000000000000000e+00 -1.000000000000000000e+00 -1.000000000000000000e+00 -1.000000000000000000e+00
2.079703550338745117e+02 1.401464595794677734e+02 2.390765571594238281e+01 5.001729202270507812e+01
-1.000000000000000000e+00 -1.000000000000000000e+00 -1.000000000000000000e+00 -1.000000000000000000e+00
2.097506923675537109e+02 1.400523643493652344e+02 2.289744186401367188e+01 4.966117095947265625e+01
-1.000000000000000000e+00 -1.000000000000000000e+00 -1.000000000000000000e+00 -1.000000000000000000e+00
-1.000000000000000000e+00 -1.000000000000000000e+00 -1.000000000000000000e+00 -1.000000000000000000e+00
2.077372226715087891e+02 1.384523143768310547e+02 2.785887527465820312e+01 5.082049942016601562e+01
-1.000000000000000000e+00 -1.000000000000000000e+00 -1.000000000000000000e+00 -1.000000000000000000e+00
-1.000000000000000000e+00 -1.000000000000000000e+00 -1.000000000000000000e+00 -1.000000000000000000e+00
-1.000000000000000000e+00 -1.000000000000000000e+00 -1.000000000000000000e+00 -1.000000000000000000e+00
2.116829118728637695e+02 1.377695369720458984e+02 2.934670829772949219e+01 5.181895828247070312e+01
-1.000000000000000000e+00 -1.000000000000000000e+00 -1.000000000000000000e+00 -1.000000000000000000e+00
2.126515293121337891e+02 1.384004096984863281e+02 3.085980606079101562e+01 5.020284271240234375e+01
2.137488327026367188e+02 1.387759666442871094e+02 2.980741119384765625e+01 4.984209442138671875e+01
2.153001441955566406e+02 1.403848285675048828e+02 2.940557861328125000e+01 4.969764328002929688e+01
2.154833660125732422e+02 1.385421524047851562e+02 2.812403488159179688e+01 5.069165039062500000e+01
2.166057405471801758e+02 1.394884090423583984e+02 2.603785514831542969e+01 5.013243484497070312e+01
-1.000000000000000000e+00 -1.000000000000000000e+00 -1.000000000000000000e+00 -1.000000000000000000e+00
-1.000000000000000000e+00 -1.000000000000000000e+00 -1.000000000000000000e+00 -1.000000000000000000e+00
2.150290994644165039e+02 1.399006671905517578e+02 2.581690025329589844e+01 5.037701034545898438e+01
2.134530849456787109e+02 1.389034290313720703e+02 2.814022445678710938e+01 5.062003707885742188e+01
2.118912458419799805e+02 1.403119850158691406e+02 2.812036323547363281e+01 4.957955169677734375e+01
2.115489368438720703e+02 1.411080341339111328e+02 2.884682083129882812e+01 4.940685653686523438e+01
2.105994157791137695e+02 1.409030609130859375e+02 3.030413627624511719e+01 4.926757812500000000e+01
-1.000000000000000000e+00 -1.000000000000000000e+00 -1.000000000000000000e+00 -1.000000000000000000e+00
2.101586418151855469e+02 1.424252433776855469e+02 2.888772583007812500e+01 4.806629180908203125e+01
2.095771646499633789e+02 1.431524944305419922e+02 2.851761436462402344e+01 4.767663955688476562e+01
2.105323657989501953e+02 1.433862228393554688e+02 2.699133682250976562e+01 4.794570922851562500e+01
-1.000000000000000000e+00 -1.000000000000000000e+00 -1.000000000000000000e+00 -1.000000000000000000e+00
2.109012985229492188e+02 1.455581722259521484e+02 2.430307769775390625e+01 4.796890640258789062e+01
-1.000000000000000000e+00 -1.000000000000000000e+00 -1.000000000000000000e+00 -1.000000000000000000e+00
2.105153627395629883e+02 1.415010547637939453e+02 2.190856742858886719e+01 5.084168624877929688e+01
-1.000000000000000000e+00 -1.000000000000000000e+00 -1.000000000000000000e+00 -1.000000000000000000e+00
-1.000000000000000000e+00 -1.000000000000000000e+00 -1.000000000000000000e+00 -1.000000000000000000e+00
-1.000000000000000000e+00 -1.000000000000000000e+00 -1.000000000000000000e+00 -1.000000000000000000e+00
-1.000000000000000000e+00 -1.000000000000000000e+00 -1.000000000000000000e+00 -1.000000000000000000e+00
-1.000000000000000000e+00 -1.000000000000000000e+00 -1.000000000000000000e+00 -1.000000000000000000e+00
2.046751680374145508e+02 1.393107566833496094e+02 2.642827415466308594e+01 5.166445159912109375e+01
2.029736881256103516e+02 1.432732563018798828e+02 2.759199142456054688e+01 4.827521896362304688e+01
2.020055351257324219e+02 1.425713596343994141e+02 2.838324737548828125e+01 4.952569198608398438e+01
-1.000000000000000000e+00 -1.000000000000000000e+00 -1.000000000000000000e+00 -1.000000000000000000e+00
-1.000000000000000000e+00 -1.000000000000000000e+00 -1.000000000000000000e+00 -1.000000000000000000e+00
2.008263072967529297e+02 1.424626255035400391e+02 2.778537368774414062e+01 4.953585433959960938e+01
2.008115396499633789e+02 1.437703075408935547e+02 2.547622489929199219e+01 4.747974014282226562e+01
-1.000000000000000000e+00 -1.000000000000000000e+00 -1.000000000000000000e+00 -1.000000000000000000e+00
-1.000000000000000000e+00 -1.000000000000000000e+00 -1.000000000000000000e+00 -1.000000000000000000e+00
2.025855398178100586e+02 1.440472679138183594e+02 2.191502571105957031e+01 4.686917877197265625e+01
-1.000000000000000000e+00 -1.000000000000000000e+00 -1.000000000000000000e+00 -1.000000000000000000e+00
2.023465003967285156e+02 1.422326240539550781e+02 2.198807525634765625e+01 4.639606475830078125e+01
-1.000000000000000000e+00 -1.000000000000000000e+00 -1.000000000000000000e+00 -1.000000000000000000e+00
2.009984474182128906e+02 1.440814552307128906e+02 2.314302825927734375e+01 4.843000030517578125e+01
-1.000000000000000000e+00 -1.000000000000000000e+00 -1.000000000000000000e+00 -1.000000000000000000e+00
1.983711776733398438e+02 1.424749641418457031e+02 2.503730773925781250e+01 4.934938812255859375e+01
2.006414794921875000e+02 1.435097732543945312e+02 2.322741699218750000e+01 4.618025207519531250e+01
-1.000000000000000000e+00 -1.000000000000000000e+00 -1.000000000000000000e+00 -1.000000000000000000e+00
-1.000000000000000000e+00 -1.000000000000000000e+00 -1.000000000000000000e+00 -1.000000000000000000e+00
1.976581468582153320e+02 1.423603057861328125e+02 2.664987754821777344e+01 4.966624450683593750e+01
-1.000000000000000000e+00 -1.000000000000000000e+00 -1.000000000000000000e+00 -1.000000000000000000e+00
1.968744249343872070e+02 1.435778522491455078e+02 2.612097740173339844e+01 4.855585861206054688e+01
1.983387203216552734e+02 1.425572433471679688e+02 2.561162185668945312e+01 4.984600830078125000e+01
-1.000000000000000000e+00 -1.000000000000000000e+00 -1.000000000000000000e+00 -1.000000000000000000e+00
1.927052955627441406e+02 1.411017360687255859e+02 3.380287933349609375e+01 5.106221389770507812e+01
1.874122180938720703e+02 1.421076660156250000e+02 3.455595016479492188e+01 5.074443054199218750e+01
1.910459327697753906e+02 1.431690826416015625e+02 3.456276702880859375e+01 5.081974792480468750e+01
1.953145904541015625e+02 1.419198741912841797e+02 3.714993286132812500e+01 5.138428115844726562e+01
1.982158851623535156e+02 1.425469970703125000e+02 3.310039520263671875e+01 4.709437561035156250e+01
-1.000000000000000000e+00 -1.000000000000000000e+00 -1.000000000000000000e+00 -1.000000000000000000e+00
-1.000000000000000000e+00 -1.000000000000000000e+00 -1.000000000000000000e+00 -1.000000000000000000e+00
-1.000000000000000000e+00 -1.000000000000000000e+00 -1.000000000000000000e+00 -1.000000000000000000e+00
-1.000000000000000000e+00 -1.000000000000000000e+00 -1.000000000000000000e+00 -1.000000000000000000e+00
-1.000000000000000000e+00 -1.000000000000000000e+00 -1.000000000000000000e+00 -1.000000000000000000e+00
-1.000000000000000000e+00 -1.000000000000000000e+00 -1.000000000000000000e+00 -1.000000000000000000e+00
-1.000000000000000000e+00 -1.000000000000000000e+00 -1.000000000000000000e+00 -1.000000000000000000e+00
-1.000000000000000000e+00 -1.000000000000000000e+00 -1.000000000000000000e+00 -1.000000000000000000e+00
1.941926593780517578e+02 1.440821590423583984e+02 3.783649826049804688e+01 4.888331985473632812e+01
-1.000000000000000000e+00 -1.000000000000000000e+00 -1.000000000000000000e+00 -1.000000000000000000e+00
-1.000000000000000000e+00 -1.000000000000000000e+00 -1.000000000000000000e+00 -1.000000000000000000e+00
1.970825386047363281e+02 1.446225185394287109e+02 2.695287322998046875e+01 5.020216751098632812e+01
-1.000000000000000000e+00 -1.000000000000000000e+00 -1.000000000000000000e+00 -1.000000000000000000e+00
1.975983667373657227e+02 1.436138820648193359e+02 2.587621879577636719e+01 5.019479751586914062e+01
-1.000000000000000000e+00 -1.000000000000000000e+00 -1.000000000000000000e+00 -1.000000000000000000e+00
1.985486106872558594e+02 1.443346080780029297e+02 2.518386077880859375e+01 4.972935867309570312e+01
1.978717908859252930e+02 1.442721729278564453e+02 2.546959877014160156e+01 4.966288375854492188e+01
1.974666862487792969e+02 1.439039878845214844e+02 2.579946136474609375e+01 4.932007598876953125e+01
-1.000000000000000000e+00 -1.000000000000000000e+00 -1.000000000000000000e+00 -1.000000000000000000e+00
-1.000000000000000000e+00 -1.000000000000000000e+00 -1.000000000000000000e+00 -1.000000000000000000e+00
-1.000000000000000000e+00 -1.000000000000000000e+00 -1.000000000000000000e+00 -1.000000000000000000e+00
1.938322210311889648e+02 1.448129882812500000e+02 2.655198860168457031e+01 4.864109802246093750e+01
1.956036853790283203e+02 1.456882419586181641e+02 2.562411117553710938e+01 4.816918563842773438e+01
1.934885406494140625e+02 1.461900711059570312e+02 2.728155517578125000e+01 4.772747802734375000e+01
-1.000000000000000000e+00 -1.000000000000000000e+00 -1.000000000000000000e+00 -1.000000000000000000e+00
1.925407981872558594e+02 1.455807800292968750e+02 2.646755218505859375e+01 4.790846252441406250e+01
1.938760156631469727e+02 1.461075668334960938e+02 2.607967948913574219e+01 4.777865600585937500e+01
1.931020174026489258e+02 1.456955795288085938e+02 2.615251731872558594e+01 4.864607238769531250e+01
-1.000000000000000000e+00 -1.000000000000000000e+00 -1.000000000000000000e+00 -1.000000000000000000e+00
1.930237617492675781e+02 1.451534099578857422e+02 2.496979522705078125e+01 4.769447708129882812e+01
-1.000000000000000000e+00 -1.000000000000000000e+00 -1.000000000000000000e+00 -1.000000000000000000e+00
1.934949359893798828e+02 1.453887062072753906e+02 2.575123214721679688e+01 4.811910247802734375e+01
1.916479740142822266e+02 1.454896278381347656e+02 2.615848922729492188e+01 4.849913787841796875e+01
-1.000000000000000000e+00 -1.000000000000000000e+00 -1.000000000000000000e+00 -1.000000000000000000e+00
1.928008728027343750e+02 1.460435581207275391e+02 2.782254028320312500e+01 4.854742050170898438e+01
-1.000000000000000000e+00 -1.000000000000000000e+00 -1.000000000000000000e+00 -1.000000000000000000e+00
-1.000000000000000000e+00 -1.000000000000000000e+00 -1.000000000000000000e+00 -1.000000000000000000e+00
1.947510528564453125e+02 1.452777709960937500e+02 2.676251220703125000e+01 4.852580261230468750e+01
-1.000000000000000000e+00 -1.000000000000000000e+00 -1.000000000000000000e+00 -1.000000000000000000e+00
-1.000000000000000000e+00 -1.000000000000000000e+00 -1.000000000000000000e+00 -1.000000000000000000e+00
-1.000000000000000000e+00 -1.000000000000000000e+00 -1.000000000000000000e+00 -1.000000000000000000e+00
1.948371715545654297e+02 1.449672470092773438e+02 2.756871414184570312e+01 4.833851623535156250e+01
-1.000000000000000000e+00 -1.000000000000000000e+00 -1.000000000000000000e+00 -1.000000000000000000e+00
-1.000000000000000000e+00 -1.000000000000000000e+00 -1.000000000000000000e+00 -1.000000000000000000e+00
1.968361368179321289e+02 1.437940235137939453e+02 2.606469535827636719e+01 4.873762130737304688e+01
1.969585771560668945e+02 1.432533149719238281e+02 2.662093162536621094e+01 4.954341888427734375e+01
-1.000000000000000000e+00 -1.000000000000000000e+00 -1.000000000000000000e+00 -1.000000000000000000e+00
1.977805576324462891e+02 1.433285598754882812e+02 2.633393478393554688e+01 5.007391357421875000e+01
1.979308881759643555e+02 1.438987045288085938e+02 2.588140296936035156e+01 4.978057861328125000e+01
1.975540037155151367e+02 1.428980216979980469e+02 2.576658058166503906e+01 5.009644317626953125e+01
-1.000000000000000000e+00 -1.000000000000000000e+00 -1.000000000000000000e+00 -1.000000000000000000e+00
1.993805418014526367e+02 1.427889060974121094e+02 2.579528236389160156e+01 4.981752777099609375e+01
1.993123493194580078e+02 1.421692562103271484e+02 2.561288070678710938e+01 4.963643264770507812e+01
1.990216722488403320e+02 1.437084026336669922e+02 2.485431480407714844e+01 4.810373306274414062e+01
1.998075046539306641e+02 1.438485393524169922e+02 2.496630477905273438e+01 4.846684646606445312e+01
2.004002399444580078e+02 1.441833438873291016e+02 2.454371261596679688e+01 4.908842086791992188e+01
-1.000000000000000000e+00 -1.000000000000000000e+00 -1.000000000000000000e+00 -1.000000000000000000e+00
-1.000000000000000000e+00 -1.000000000000000000e+00 -1.000000000000000000e+00 -1.000000000000000000e+00
2.009525165557861328e+02 1.448611469268798828e+02 2.412234115600585938e+01 4.808990097045898438e+01
2.006232032775878906e+02 1.448558216094970703e+02 2.400818634033203125e+01 4.855329513549804688e+01
-1.000000000000000000e+00 -1.000000000000000000e+00 -1.000000000000000000e+00 -1.000000000000000000e+00
-1.000000000000000000e+00 -1.000000000000000000e+00 -1.000000000000000000e+00 -1.000000000000000000e+00
2.042640571594238281e+02 1.446690540313720703e+02 2.338483428955078125e+01 4.490696334838867188e+01
2.045094366073608398e+02 1.459492626190185547e+02 2.340703010559082031e+01 4.443570327758789062e+01
-1.000000000000000000e+00 -1.000000000000000000e+00 -1.000000000000000000e+00 -1.000000000000000000e+00
-1.000000000000000000e+00 -1.000000000000000000e+00 -1.000000000000000000e+00 -1.000000000000000000e+00
-1.000000000000000000e+00 -1.000000000000000000e+00 -1.000000000000000000e+00 -1.000000000000000000e+00
-1.000000000000000000e+00 -1.000000000000000000e+00 -1.000000000000000000e+00 -1.000000000000000000e+00
2.058878316879272461e+02 1.468216114044189453e+02 3.012927436828613281e+01 5.099645614624023438e+01
-1.000000000000000000e+00 -1.000000000000000000e+00 -1.000000000000000000e+00 -1.000000000000000000e+00
-1.000000000000000000e+00 -1.000000000000000000e+00 -1.000000000000000000e+00 -1.000000000000000000e+00
-1.000000000000000000e+00 -1.000000000000000000e+00 -1.000000000000000000e+00 -1.000000000000000000e+00
-1.000000000000000000e+00 -1.000000000000000000e+00 -1.000000000000000000e+00 -1.000000000000000000e+00
-1.000000000000000000e+00 -1.000000000000000000e+00 -1.000000000000000000e+00 -1.000000000000000000e+00
2.151054611206054688e+02 1.477811031341552734e+02 2.863127136230468750e+01 5.364896011352539062e+01
2.123648080825805664e+02 1.459939346313476562e+02 2.792663383483886719e+01 5.421769714355468750e+01
-1.000000000000000000e+00 -1.000000000000000000e+00 -1.000000000000000000e+00 -1.000000000000000000e+00
-1.000000000000000000e+00 -1.000000000000000000e+00 -1.000000000000000000e+00 -1.000000000000000000e+00
-1.000000000000000000e+00 -1.000000000000000000e+00 -1.000000000000000000e+00 -1.000000000000000000e+00
-1.000000000000000000e+00 -1.000000000000000000e+00 -1.000000000000000000e+00 -1.000000000000000000e+00
-1.000000000000000000e+00 -1.000000000000000000e+00 -1.000000000000000000e+00 -1.000000000000000000e+00
2.129353685379028320e+02 1.448601684570312500e+02 2.921173667907714844e+01 5.231474304199218750e+01
-1.000000000000000000e+00 -1.000000000000000000e+00 -1.000000000000000000e+00 -1.000000000000000000e+00
2.122977962493896484e+02 1.443511486053466797e+02 3.119868850708007812e+01 4.874310684204101562e+01
-1.000000000000000000e+00 -1.000000000000000000e+00 -1.000000000000000000e+00 -1.000000000000000000e+00
2.144088163375854492e+02 1.429284954071044922e+02 2.798705482482910156e+01 5.298865127563476562e+01
2.146951780319213867e+02 1.436402854919433594e+02 3.071030616760253906e+01 5.162244415283203125e+01
2.144493265151977539e+02 1.432315731048583984e+02 3.030998039245605469e+01 5.701361465454101562e+01
2.156711750030517578e+02 1.435673637390136719e+02 3.377622604370117188e+01 5.387268829345703125e+01
-1.000000000000000000e+00 -1.000000000000000000e+00 -1.000000000000000000e+00 -1.000000000000000000e+00
2.182833633422851562e+02 1.443455524444580078e+02 3.287568664550781250e+01 5.220513534545898438e+01
-1.000000000000000000e+00 -1.000000000000000000e+00 -1.000000000000000000e+00 -1.000000000000000000e+00
2.195837440490722656e+02 1.450170383453369141e+02 3.672603607177734375e+01 5.321866989135742188e+01
2.178872795104980469e+02 1.435269794464111328e+02 3.568389129638671875e+01 5.098145675659179688e+01
2.190865030288696289e+02 1.417598381042480469e+02 2.707841300964355469e+01 4.749617767333984375e+01
-1.000000000000000000e+00 -1.000000000000000000e+00 -1.000000000000000000e+00 -1.000000000000000000e+00
-1.000000000000000000e+00 -1.000000000000000000e+00 -1.000000000000000000e+00 -1.000000000000000000e+00
-1.000000000000000000e+00 -1.000000000000000000e+00 -1.000000000000000000e+00 -1.000000000000000000e+00
2.223098630905151367e+02 1.395424995422363281e+02 2.456397438049316406e+01 4.597704315185546875e+01
-1.000000000000000000e+00 -1.000000000000000000e+00 -1.000000000000000000e+00 -1.000000000000000000e+00
-1.000000000000000000e+00 -1.000000000000000000e+00 -1.000000000000000000e+00 -1.000000000000000000e+00
2.255319423675537109e+02 1.415112018585205078e+02 2.506402969360351562e+01 4.532691574096679688e+01
-1.000000000000000000e+00 -1.000000000000000000e+00 -1.000000000000000000e+00 -1.000000000000000000e+00
2.276137638092041016e+02 1.414583969116210938e+02 3.900414657592773438e+01 4.719309997558593750e+01
2.289835891723632812e+02 1.428321132659912109e+02 4.392938232421875000e+01 5.040811538696289062e+01
-1.000000000000000000e+00 -1.000000000000000000e+00 -1.000000000000000000e+00 -1.000000000000000000e+00
2.522252101898193359e+02 1.452710094451904297e+02 4.525322341918945312e+01 5.001486587524414062e+01
-1.000000000000000000e+00 -1.000000000000000000e+00 -1.000000000000000000e+00 -1.000000000000000000e+00
-1.000000000000000000e+00 -1.000000000000000000e+00 -1.000000000000000000e+00 -1.000000000000000000e+00
2.529699497222900391e+02 1.473520793914794922e+02 4.031136703491210938e+01 4.950281143188476562e+01
2.509101543426513672e+02 1.471816520690917969e+02 3.948207473754882812e+01 5.238765716552734375e+01
-1.000000000000000000e+00 -1.000000000000000000e+00 -1.000000000000000000e+00 -1.000000000000000000e+00
2.563293533325195312e+02 1.488134136199951172e+02 4.092231750488281250e+01 5.138986587524414062e+01
-1.000000000000000000e+00 -1.000000000000000000e+00 -1.000000000000000000e+00 -1.000000000000000000e+00
2.529043235778808594e+02 1.486338520050048828e+02 4.715694427490234375e+01 5.286388778686523438e+01
-1.000000000000000000e+00 -1.000000000000000000e+00 -1.000000000000000000e+00 -1.000000000000000000e+00
2.461308975219726562e+02 1.480936660766601562e+02 5.329302978515625000e+01 5.215585327148437500e+01
-1.000000000000000000e+00 -1.000000000000000000e+00 -1.000000000000000000e+00 -1.000000000000000000e+00
-1.000000000000000000e+00 -1.000000000000000000e+00 -1.000000000000000000e+00 -1.000000000000000000e+00
-1.000000000000000000e+00 -1.000000000000000000e+00 -1.000000000000000000e+00 -1.000000000000000000e+00
-1.000000000000000000e+00 -1.000000000000000000e+00 -1.000000000000000000e+00 -1.000000000000000000e+00
2.568019790649414062e+02 1.507598781585693359e+02 4.512429809570312500e+01 5.135939407348632812e+01
-1.000000000000000000e+00 -1.000000000000000000e+00 -1.000000000000000000e+00 -1.000000000000000000e+00
-1.000000000000000000e+00 -1.000000000000000000e+00 -1.000000000000000000e+00 -1.000000000000000000e+00
2.608684234619140625e+02 1.527367210388183594e+02 6.062284851074218750e+01 5.050121307373046875e+01
-1.000000000000000000e+00 -1.000000000000000000e+00 -1.000000000000000000e+00 -1.000000000000000000e+00
-1.000000000000000000e+00 -1.000000000000000000e+00 -1.000000000000000000e+00 -1.000000000000000000e+00
-1.000000000000000000e+00 -1.000000000000000000e+00 -1.000000000000000000e+00 -1.000000000000000000e+00
-1.000000000000000000e+00 -1.000000000000000000e+00 -1.000000000000000000e+00 -1.000000000000000000e+00
-1.000000000000000000e+00 -1.000000000000000000e+00 -1.000000000000000000e+00 -1.000000000000000000e+00
-1.000000000000000000e+00 -1.000000000000000000e+00 -1.000000000000000000e+00 -1.000000000000000000e+00
-1.000000000000000000e+00 -1.000000000000000000e+00 -1.000000000000000000e+00 -1.000000000000000000e+00
2.756651344299316406e+02 1.535457630157470703e+02 3.596244049072265625e+01 4.863860702514648438e+01
-1.000000000000000000e+00 -1.000000000000000000e+00 -1.000000000000000000e+00 -1.000000000000000000e+00
-1.000000000000000000e+00 -1.000000000000000000e+00 -1.000000000000000000e+00 -1.000000000000000000e+00
-1.000000000000000000e+00 -1.000000000000000000e+00 -1.000000000000000000e+00 -1.000000000000000000e+00
-1.000000000000000000e+00 -1.000000000000000000e+00 -1.000000000000000000e+00 -1.000000000000000000e+00
-1.000000000000000000e+00 -1.000000000000000000e+00 -1.000000000000000000e+00 -1.000000000000000000e+00
2.742365989685058594e+02 1.544360637664794922e+02 8.466687774658203125e+01 5.843965530395507812e+01
-1.000000000000000000e+00 -1.000000000000000000e+00 -1.000000000000000000e+00 -1.000000000000000000e+00
-1.000000000000000000e+00 -1.000000000000000000e+00 -1.000000000000000000e+00 -1.000000000000000000e+00
-1.000000000000000000e+00 -1.000000000000000000e+00 -1.000000000000000000e+00 -1.000000000000000000e+00
2.652156887054443359e+02 1.538098163604736328e+02 4.686922073364257812e+01 4.774631881713867188e+01
2.774849720001220703e+02 1.517685527801513672e+02 3.767316818237304688e+01 4.759712600708007812e+01
2.770469589233398438e+02 1.530017528533935547e+02 7.570709228515625000e+01 5.156366348266601562e+01
-1.000000000000000000e+00 -1.000000000000000000e+00 -1.000000000000000000e+00 -1.000000000000000000e+00
-1.000000000000000000e+00 -1.000000000000000000e+00 -1.000000000000000000e+00 -1.000000000000000000e+00
-1.000000000000000000e+00 -1.000000000000000000e+00 -1.000000000000000000e+00 -1.000000000000000000e+00
2.842462968826293945e+02 1.511569156646728516e+02 3.052158164978027344e+01 4.775590133666992188e+01
-1.000000000000000000e+00 -1.000000000000000000e+00 -1.000000000000000000e+00 -1.000000000000000000e+00
2.582122020721435547e+02 1.517492733001708984e+02 4.061407089233398438e+01 4.612190628051757812e+01
2.566173458099365234e+02 1.506225547790527344e+02 4.362826156616210938e+01 4.787281036376953125e+01
2.665080986022949219e+02 1.507272357940673828e+02 4.132086181640625000e+01 4.781931686401367188e+01
2.732367095947265625e+02 1.501312065124511719e+02 3.698836517333984375e+01 4.625063323974609375e+01
-1.000000000000000000e+00 -1.000000000000000000e+00 -1.000000000000000000e+00 -1.000000000000000000e+00
-1.000000000000000000e+00 -1.000000000000000000e+00 -1.000000000000000000e+00 -1.000000000000000000e+00
-1.000000000000000000e+00 -1.000000000000000000e+00 -1.000000000000000000e+00 -1.000000000000000000e+00
2.836773853302001953e+02 1.518782024383544922e+02 5.973332595825195312e+01 4.790930557250976562e+01
2.827321577072143555e+02 1.507410430908203125e+02 3.144076728820800781e+01 4.731970214843750000e+01
2.695954322814941406e+02 1.518142986297607422e+02 4.826989746093750000e+01 4.657501602172851562e+01
2.830668373107910156e+02 1.521469478607177734e+02 3.526675415039062500e+01 4.817038345336914062e+01
2.823551845550537109e+02 1.511959724426269531e+02 3.412244796752929688e+01 4.524320220947265625e+01
-1.000000000000000000e+00 -1.000000000000000000e+00 -1.000000000000000000e+00 -1.000000000000000000e+00
2.635540904998779297e+02 1.515490474700927734e+02 3.364995193481445312e+01 4.655656814575195312e+01
-1.000000000000000000e+00 -1.000000000000000000e+00 -1.000000000000000000e+00 -1.000000000000000000e+00
2.624183158874511719e+02 1.518759441375732422e+02 3.969411468505859375e+01 4.398146438598632812e+01
2.851992187500000000e+02 1.509976997375488281e+02 2.877943420410156250e+01 4.702671051025390625e+01
-1.000000000000000000e+00 -1.000000000000000000e+00 -1.000000000000000000e+00 -1.000000000000000000e+00
-1.000000000000000000e+00 -1.000000000000000000e+00 -1.000000000000000000e+00 -1.000000000000000000e+00
2.601577548980712891e+02 1.513801822662353516e+02 4.746997451782226562e+01 4.372040939331054688e+01
-1.000000000000000000e+00 -1.000000000000000000e+00 -1.000000000000000000e+00 -1.000000000000000000e+00
2.872128486633300781e+02 1.510099258422851562e+02 2.858528137207031250e+01 4.572601318359375000e+01
2.693523693084716797e+02 1.524231071472167969e+02 3.891637802124023438e+01 4.398036956787109375e+01
2.876982021331787109e+02 1.528017597198486328e+02 2.656013107299804688e+01 4.392841720581054688e+01
2.692118053436279297e+02 1.535245761871337891e+02 3.921948623657226562e+01 4.472237777709960938e+01
-1.000000000000000000e+00 -1.000000000000000000e+00 -1.000000000000000000e+00 -1.000000000000000000e+00
2.881819257736206055e+02 1.517817058563232422e+02 2.671677589416503906e+01 4.479394912719726562e+01
2.747633285522460938e+02 1.521057186126708984e+02 3.558945465087890625e+01 4.365011978149414062e+01
2.887675466537475586e+02 1.520382900238037109e+02 2.399306678771972656e+01 4.302884292602539062e+01
-1.000000000000000000e+00 -1.000000000000000000e+00 -1.000000000000000000e+00 -1.000000000000000000e+00
-1.000000000000000000e+00 -1.000000000000000000e+00 -1.000000000000000000e+00 -1.000000000000000000e+00
2.631764373779296875e+02 1.537135848999023438e+02 4.531568145751953125e+01 4.627021789550781250e+01
-1.000000000000000000e+00 -1.000000000000000000e+00 -1.000000000000000000e+00 -1.000000000000000000e+00
-1.000000000000000000e+00 -1.000000000000000000e+00 -1.000000000000000000e+00 -1.000000000000000000e+00
-1.000000000000000000e+00 -1.000000000000000000e+00 -1.000000000000000000e+00 -1.000000000000000000e+00
2.730452957153320312e+02 1.524150943756103516e+02 3.989133453369140625e+01 4.523949813842773438e+01
2.791893348693847656e+02 1.520514507293701172e+02 3.583895874023437500e+01 4.619342422485351562e+01
-1.000000000000000000e+00 -1.000000000000000000e+00 -1.000000000000000000e+00 -1.000000000000000000e+00
2.782330846786499023e+02 1.542141704559326172e+02 3.159850502014160156e+01 4.858191299438476562e+01
2.835610408782958984e+02 1.536344966888427734e+02 3.320077133178710938e+01 4.489584732055664062e+01
-1.000000000000000000e+00 -1.000000000000000000e+00 -1.000000000000000000e+00 -1.000000000000000000e+00
-1.000000000000000000e+00 -1.000000000000000000e+00 -1.000000000000000000e+00 -1.000000000000000000e+00
2.787581930160522461e+02 1.550006027221679688e+02 3.139539527893066406e+01 4.571832275390625000e+01
-1.000000000000000000e+00 -1.000000000000000000e+00 -1.000000000000000000e+00 -1.000000000000000000e+00
2.765993537902832031e+02 1.522661457061767578e+02 8.333601379394531250e+01 5.141820907592773438e+01
2.774609680175781250e+02 1.516210727691650391e+02 5.431813812255859375e+01 5.172068405151367188e+01
2.705049495697021484e+02 1.529191551208496094e+02 3.446493148803710938e+01 4.878524017333984375e+01
2.694839553833007812e+02 1.530914268493652344e+02 3.522869110107421875e+01 4.789958953857421875e+01
2.653432216644287109e+02 1.515334663391113281e+02 3.961947250366210938e+01 4.895697784423828125e+01
2.630142288208007812e+02 1.501065998077392578e+02 3.654711151123046875e+01 4.758556747436523438e+01
-1.000000000000000000e+00 -1.000000000000000000e+00 -1.000000000000000000e+00 -1.000000000000000000e+00
2.469898033142089844e+02 1.484330959320068359e+02 3.574679565429687500e+01 4.628705215454101562e+01
2.482252521514892578e+02 1.498446502685546875e+02 2.905395889282226562e+01 4.325729370117187500e+01
-1.000000000000000000e+00 -1.000000000000000000e+00 -1.000000000000000000e+00 -1.000000000000000000e+00
2.492915897369384766e+02 1.490415897369384766e+02 2.865582656860351562e+01 4.270980453491210938e+01
2.493361406326293945e+02 1.485462951660156250e+02 2.985107231140136719e+01 4.112521362304687500e+01
-1.000000000000000000e+00 -1.000000000000000000e+00 -1.000000000000000000e+00 -1.000000000000000000e+00
-1.000000000000000000e+00 -1.000000000000000000e+00 -1.000000000000000000e+00 -1.000000000000000000e+00
2.483117351531982422e+02 1.486568412780761719e+02 3.981144332885742188e+01 4.796971893310546875e+01
-1.000000000000000000e+00 -1.000000000000000000e+00 -1.000000000000000000e+00 -1.000000000000000000e+00
2.721244354248046875e+02 1.498732051849365234e+02 3.623300933837890625e+01 4.818614578247070312e+01
2.774169349670410156e+02 1.501781883239746094e+02 3.000225830078125000e+01 4.708594512939453125e+01
2.720829448699951172e+02 1.512180595397949219e+02 3.586072921752929688e+01 4.791323089599609375e+01
-1.000000000000000000e+00 -1.000000000000000000e+00 -1.000000000000000000e+00 -1.000000000000000000e+00
2.733201045989990234e+02 1.511274108886718750e+02 3.938827133178710938e+01 4.745277404785156250e+01
-1.000000000000000000e+00 -1.000000000000000000e+00 -1.000000000000000000e+00 -1.000000000000000000e+00
-1.000000000000000000e+00 -1.000000000000000000e+00 -1.000000000000000000e+00 -1.000000000000000000e+00
-1.000000000000000000e+00 -1.000000000000000000e+00 -1.000000000000000000e+00 -1.000000000000000000e+00
2.624592018127441406e+02 1.504106712341308594e+02 4.114807128906250000e+01 4.580786895751953125e+01
2.538596916198730469e+02 1.500537662506103516e+02 5.041294860839843750e+01 4.659514999389648438e+01
2.718866252899169922e+02 1.501830139160156250e+02 3.734524154663085938e+01 4.655484008789062500e+01
-1.000000000000000000e+00 -1.000000000000000000e+00 -1.000000000000000000e+00 -1.000000000000000000e+00
-1.000000000000000000e+00 -1.000000000000000000e+00 -1.000000000000000000e+00 -1.000000000000000000e+00
2.629738349914550781e+02 1.508919734954833984e+02 4.223310852050781250e+01 4.529912185668945312e+01
-1.000000000000000000e+00 -1.000000000000000000e+00 -1.000000000000000000e+00 -1.000000000000000000e+00
2.742123775482177734e+02 1.508665561676025391e+02 3.648843002319335938e+01 4.703536605834960938e+01
-1.000000000000000000e+00 -1.000000000000000000e+00 -1.000000000000000000e+00 -1.000000000000000000e+00
-1.000000000000000000e+00 -1.000000000000000000e+00 -1.000000000000000000e+00 -1.000000000000000000e+00
-1.000000000000000000e+00 -1.000000000000000000e+00 -1.000000000000000000e+00 -1.000000000000000000e+00
-1.000000000000000000e+00 -1.000000000000000000e+00 -1.000000000000000000e+00 -1.000000000000000000e+00
-1.000000000000000000e+00 -1.000000000000000000e+00 -1.000000000000000000e+00 -1.000000000000000000e+00
2.773281364440917969e+02 1.534066429138183594e+02 3.982743835449218750e+01 4.702971649169921875e+01
2.693366775512695312e+02 1.530083332061767578e+02 4.030129241943359375e+01 4.747445297241210938e+01
-1.000000000000000000e+00 -1.000000000000000000e+00 -1.000000000000000000e+00 -1.000000000000000000e+00
2.646646938323974609e+02 1.540989151000976562e+02 3.933164596557617188e+01 4.894061279296875000e+01
2.663066730499267578e+02 1.531164855957031250e+02 3.472786331176757812e+01 4.481417846679687500e+01
-1.000000000000000000e+00 -1.000000000000000000e+00 -1.000000000000000000e+00 -1.000000000000000000e+00
-1.000000000000000000e+00 -1.000000000000000000e+00 -1.000000000000000000e+00 -1.000000000000000000e+00
-1.000000000000000000e+00 -1.000000000000000000e+00 -1.000000000000000000e+00 -1.000000000000000000e+00
-1.000000000000000000e+00 -1.000000000000000000e+00 -1.000000000000000000e+00 -1.000000000000000000e+00
2.629446411132812500e+02 1.524907913208007812e+02 4.418523406982421875e+01 4.507197570800781250e+01
-1.000000000000000000e+00 -1.000000000000000000e+00 -1.000000000000000000e+00 -1.000000000000000000e+00
-1.000000000000000000e+00 -1.000000000000000000e+00 -1.000000000000000000e+00 -1.000000000000000000e+00
-1.000000000000000000e+00 -1.000000000000000000e+00 -1.000000000000000000e+00 -1.000000000000000000e+00
2.819625244140625000e+02 1.519757518768310547e+02 3.157250213623046875e+01 4.525459671020507812e+01
2.679649486541748047e+02 1.526988506317138672e+02 4.253052902221679688e+01 4.303474807739257812e+01
2.529194946289062500e+02 1.522324199676513672e+02 4.012398529052734375e+01 4.587144851684570312e+01
-1.000000000000000000e+00 -1.000000000000000000e+00 -1.000000000000000000e+00 -1.000000000000000000e+00
-1.000000000000000000e+00 -1.000000000000000000e+00 -1.000000000000000000e+00 -1.000000000000000000e+00
-1.000000000000000000e+00 -1.000000000000000000e+00 -1.000000000000000000e+00 -1.000000000000000000e+00
-1.000000000000000000e+00 -1.000000000000000000e+00 -1.000000000000000000e+00 -1.000000000000000000e+00
-1.000000000000000000e+00 -1.000000000000000000e+00 -1.000000000000000000e+00 -1.000000000000000000e+00
-1.000000000000000000e+00 -1.000000000000000000e+00 -1.000000000000000000e+00 -1.000000000000000000e+00
-1.000000000000000000e+00 -1.000000000000000000e+00 -1.000000000000000000e+00 -1.000000000000000000e+00
-1.000000000000000000e+00 -1.000000000000000000e+00 -1.000000000000000000e+00 -1.000000000000000000e+00
2.622383537292480469e+02 1.520625000000000000e+02 5.191543579101562500e+01 4.601168823242187500e+01
2.844415597915649414e+02 1.503120803833007812e+02 3.027474021911621094e+01 4.561187744140625000e+01
-1.000000000000000000e+00 -1.000000000000000000e+00 -1.000000000000000000e+00 -1.000000000000000000e+00
2.897956523895263672e+02 1.522159881591796875e+02 2.589165878295898438e+01 4.247764587402343750e+01
2.897971439361572266e+02 1.532604541778564453e+02 2.778833389282226562e+01 4.204047775268554688e+01
2.798995895385742188e+02 1.544267330169677734e+02 3.730224609375000000e+01 4.376338577270507812e+01
2.863684053421020508e+02 1.529649772644042969e+02 3.161458396911621094e+01 4.498035430908203125e+01
2.874573183059692383e+02 1.544929275512695312e+02 2.801027488708496094e+01 4.579765319824218750e+01
-1.000000000000000000e+00 -1.000000000000000000e+00 -1.000000000000000000e+00 -1.000000000000000000e+00
-1.000000000000000000e+00 -1.000000000000000000e+00 -1.000000000000000000e+00 -1.000000000000000000e+00
2.677697277069091797e+02 1.566730041503906250e+02 3.662746047973632812e+01 4.687643432617187500e+01
-1.000000000000000000e+00 -1.000000000000000000e+00 -1.000000000000000000e+00 -1.000000000000000000e+00
2.673362312316894531e+02 1.547211971282958984e+02 3.299605560302734375e+01 4.728287124633789062e+01
2.636866111755371094e+02 1.554421749114990234e+02 3.246843719482421875e+01 5.041313552856445312e+01
2.735504550933837891e+02 1.550304470062255859e+02 3.544297409057617188e+01 4.494131851196289062e+01
-1.000000000000000000e+00 -1.000000000000000000e+00 -1.000000000000000000e+00 -1.000000000000000000e+00
-1.000000000000000000e+00 -1.000000000000000000e+00 -1.000000000000000000e+00 -1.000000000000000000e+00
-1.000000000000000000e+00 -1.000000000000000000e+00 -1.000000000000000000e+00 -1.000000000000000000e+00
-1.000000000000000000e+00 -1.000000000000000000e+00 -1.000000000000000000e+00 -1.000000000000000000e+00
2.666518459320068359e+02 1.542188625335693359e+02 4.401999282836914062e+01 4.420622634887695312e+01
-1.000000000000000000e+00 -1.000000000000000000e+00 -1.000000000000000000e+00 -1.000000000000000000e+00
2.608932132720947266e+02 1.529314670562744141e+02 4.025638961791992188e+01 4.353681564331054688e+01
2.874206886291503906e+02 1.541746292114257812e+02 3.213613128662109375e+01 4.552146911621093750e+01
2.580930175781250000e+02 1.556543655395507812e+02 5.625395202636718750e+01 4.988191223144531250e+01
2.899657506942749023e+02 1.547395572662353516e+02 2.887845039367675781e+01 4.439583969116210938e+01
-1.000000000000000000e+00 -1.000000000000000000e+00 -1.000000000000000000e+00 -1.000000000000000000e+00
2.671855354309082031e+02 1.551492061614990234e+02 4.807921600341796875e+01 4.618190383911132812e+01
-1.000000000000000000e+00 -1.000000000000000000e+00 -1.000000000000000000e+00 -1.000000000000000000e+00
-1.000000000000000000e+00 -1.000000000000000000e+00 -1.000000000000000000e+00 -1.000000000000000000e+00
-1.000000000000000000e+00 -1.000000000000000000e+00 -1.000000000000000000e+00 -1.000000000000000000e+00
-1.000000000000000000e+00 -1.000000000000000000e+00 -1.000000000000000000e+00 -1.000000000000000000e+00
-1.000000000000000000e+00 -1.000000000000000000e+00 -1.000000000000000000e+00 -1.000000000000000000e+00
-1.000000000000000000e+00 -1.000000000000000000e+00 -1.000000000000000000e+00 -1.000000000000000000e+00
-1.000000000000000000e+00 -1.000000000000000000e+00 -1.000000000000000000e+00 -1.000000000000000000e+00
2.833914070129394531e+02 1.540173873901367188e+02 3.696808624267578125e+01 4.816981506347656250e+01
2.776058559417724609e+02 1.535442714691162109e+02 4.169693374633789062e+01 4.796454238891601562e+01
2.724709358215332031e+02 1.509076576232910156e+02 5.424808502197265625e+01 4.996714019775390625e+01
-1.000000000000000000e+00 -1.000000000000000000e+00 -1.000000000000000000e+00 -1.000000000000000000e+00
-1.000000000000000000e+00 -1.000000000000000000e+00 -1.000000000000000000e+00 -1.000000000000000000e+00
2.844403038024902344e+02 1.511805553436279297e+02 4.588550567626953125e+01 5.109016799926757812e+01
2.972322931289672852e+02 1.535043830871582031e+02 3.160334587097167969e+01 4.980219268798828125e+01
-1.000000000000000000e+00 -1.000000000000000000e+00 -1.000000000000000000e+00 -1.000000000000000000e+00
-1.000000000000000000e+00 -1.000000000000000000e+00 -1.000000000000000000e+00 -1.000000000000000000e+00
3.007838783264160156e+02 1.553148117065429688e+02 3.257216644287109375e+01 4.704219055175781250e+01
2.919445705413818359e+02 1.564605388641357422e+02 4.049914932250976562e+01 4.558086013793945312e+01
-1.000000000000000000e+00 -1.000000000000000000e+00 -1.000000000000000000e+00 -1.000000000000000000e+00
-1.000000000000000000e+00 -1.000000000000000000e+00 -1.000000000000000000e+00 -1.000000000000000000e+00
2.843141651153564453e+02 1.551067276000976562e+02 4.960010910034179688e+01 4.767234802246093750e+01
2.910974254608154297e+02 1.534576435089111328e+02 3.683478164672851562e+01 4.644294357299804688e+01
-1.000000000000000000e+00 -1.000000000000000000e+00 -1.000000000000000000e+00 -1.000000000000000000e+00
2.909664258956909180e+02 1.546560287475585938e+02 2.559061622619628906e+01 4.431820678710937500e+01
2.874018211364746094e+02 1.572447166442871094e+02 2.253242492675781250e+01 3.992079925537109375e+01
2.850456666946411133e+02 1.555835514068603516e+02 2.643085289001464844e+01 4.039489364624023438e+01
-1.000000000000000000e+00 -1.000000000000000000e+00 -1.000000000000000000e+00 -1.000000000000000000e+00
-1.000000000000000000e+00 -1.000000000000000000e+00 -1.000000000000000000e+00 -1.000000000000000000e+00
-1.000000000000000000e+00 -1.000000000000000000e+00 -1.000000000000000000e+00 -1.000000000000000000e+00
2.771187572479248047e+02 1.542375259399414062e+02 4.052391433715820312e+01 4.131571960449218750e+01
-1.000000000000000000e+00 -1.000000000000000000e+00 -1.000000000000000000e+00 -1.000000000000000000e+00
-1.000000000000000000e+00 -1.000000000000000000e+00 -1.000000000000000000e+00 -1.000000000000000000e+00
-1.000000000000000000e+00 -1.000000000000000000e+00 -1.000000000000000000e+00 -1.000000000000000000e+00
2.798961791992187500e+02 1.527324733734130859e+02 4.698553466796875000e+01 4.446760940551757812e+01
-1.000000000000000000e+00 -1.000000000000000000e+00 -1.000000000000000000e+00 -1.000000000000000000e+00
3.092400693893432617e+02 1.525686187744140625e+02 2.857557106018066406e+01 4.678288269042968750e+01
-1.000000000000000000e+00 -1.000000000000000000e+00 -1.000000000000000000e+00 -1.000000000000000000e+00
-1.000000000000000000e+00 -1.000000000000000000e+00 -1.000000000000000000e+00 -1.000000000000000000e+00
2.836131963729858398e+02 1.547392692565917969e+02 3.045312690734863281e+01 4.206134796142578125e+01
2.860708961486816406e+02 1.519086818695068359e+02 3.815827178955078125e+01 4.444098281860351562e+01
-1.000000000000000000e+00 -1.000000000000000000e+00 -1.000000000000000000e+00 -1.000000000000000000e+00
2.843286266326904297e+02 1.514845542907714844e+02 3.515979385375976562e+01 4.511988067626953125e+01
-1.000000000000000000e+00 -1.000000000000000000e+00 -1.000000000000000000e+00 -1.000000000000000000e+00
2.827378005981445312e+02 1.514031772613525391e+02 3.534039306640625000e+01 4.288917160034179688e+01
2.917820682525634766e+02 1.514049911499023438e+02 5.168685531616210938e+01 4.479731750488281250e+01
2.922758541107177734e+02 1.518019485473632812e+02 4.705841445922851562e+01 4.936582946777343750e+01
2.861625728607177734e+02 1.504500656127929688e+02 4.788650894165039062e+01 4.893171691894531250e+01
2.926327075958251953e+02 1.514001407623291016e+02 4.830572128295898438e+01 4.849285507202148438e+01
-1.000000000000000000e+00 -1.000000000000000000e+00 -1.000000000000000000e+00 -1.000000000000000000e+00
3.074149150848388672e+02 1.539515781402587891e+02 4.173904800415039062e+01 5.105904769897460938e+01
-1.000000000000000000e+00 -1.000000000000000000e+00 -1.000000000000000000e+00 -1.000000000000000000e+00
2.909035778045654297e+02 1.534093513488769531e+02 3.620888137817382812e+01 4.544031524658203125e+01
-1.000000000000000000e+00 -1.000000000000000000e+00 -1.000000000000000000e+00 -1.000000000000000000e+00
-1.000000000000000000e+00 -1.000000000000000000e+00 -1.000000000000000000e+00 -1.000000000000000000e+00
2.955334949493408203e+02 1.542140579223632812e+02 3.308126449584960938e+01 4.498463439941406250e+01
-1.000000000000000000e+00 -1.000000000000000000e+00 -1.000000000000000000e+00 -1.000000000000000000e+00
2.995166692733764648e+02 1.536976184844970703e+02 2.826762580871582031e+01 4.233864974975585938e+01
3.019053001403808594e+02 1.534111118316650391e+02 3.063027191162109375e+01 4.376591110229492188e+01
3.006398105621337891e+02 1.525859203338623047e+02 3.896664047241210938e+01 4.533841323852539062e+01
-1.000000000000000000e+00 -1.000000000000000000e+00 -1.000000000000000000e+00 -1.000000000000000000e+00
3.004093818664550781e+02 1.517592773437500000e+02 4.724587249755859375e+01 4.652297973632812500e+01
-1.000000000000000000e+00 -1.000000000000000000e+00 -1.000000000000000000e+00 -1.000000000000000000e+00
-1.000000000000000000e+00 -1.000000000000000000e+00 -1.000000000000000000e+00 -1.000000000000000000e+00
3.106331462860107422e+02 1.493350181579589844e+02 4.491222000122070312e+01 5.028258514404296875e+01
-1.000000000000000000e+00 -1.000000000000000000e+00 -1.000000000000000000e+00 -1.000000000000000000e+00
2.968094024658203125e+02 1.521264915466308594e+02 6.386824035644531250e+01 5.087560272216796875e+01
3.097232093811035156e+02 1.519029617309570312e+02 5.181517791748046875e+01 5.207565307617187500e+01
-1.000000000000000000e+00 -1.000000000000000000e+00 -1.000000000000000000e+00 -1.000000000000000000e+00
-1.000000000000000000e+00 -1.000000000000000000e+00 -1.000000000000000000e+00 -1.000000000000000000e+00
-1.000000000000000000e+00 -1.000000000000000000e+00 -1.000000000000000000e+00 -1.000000000000000000e+00
-1.000000000000000000e+00 -1.000000000000000000e+00 -1.000000000000000000e+00 -1.000000000000000000e+00
3.156679439544677734e+02 1.542485504150390625e+02 4.480249404907226562e+01 4.699571228027343750e+01
-1.000000000000000000e+00 -1.000000000000000000e+00 -1.000000000000000000e+00 -1.000000000000000000e+00
3.278720893859863281e+02 1.556077804565429688e+02 3.569321441650390625e+01 4.597180175781250000e+01
3.077133197784423828e+02 1.549198093414306641e+02 3.528274154663085938e+01 4.494002914428710938e+01
-1.000000000000000000e+00 -1.000000000000000000e+00 -1.000000000000000000e+00 -1.000000000000000000e+00
2.969417514801025391e+02 1.539766960144042969e+02 5.958610153198242188e+01 4.607302093505859375e+01
3.274507865905761719e+02 1.536000061035156250e+02 3.504874420166015625e+01 4.743867492675781250e+01
-1.000000000000000000e+00 -1.000000000000000000e+00 -1.000000000000000000e+00 -1.000000000000000000e+00
3.112146396636962891e+02 1.542078876495361328e+02 4.445077133178710938e+01 4.490455245971679688e+01
2.896619205474853516e+02 1.537032470703125000e+02 6.394970321655273438e+01 4.712498474121093750e+01
-1.000000000000000000e+00 -1.000000000000000000e+00 -1.000000000000000000e+00 -1.000000000000000000e+00
2.982576560974121094e+02 1.524431610107421875e+02 4.533420562744140625e+01 4.815527343750000000e+01
2.850563163757324219e+02 1.520185470581054688e+02 5.879109954833984375e+01 4.730531311035156250e+01
-1.000000000000000000e+00 -1.000000000000000000e+00 -1.000000000000000000e+00 -1.000000000000000000e+00
-1.000000000000000000e+00 -1.000000000000000000e+00 -1.000000000000000000e+00 -1.000000000000000000e+00
-1.000000000000000000e+00 -1.000000000000000000e+00 -1.000000000000000000e+00 -1.000000000000000000e+00
-1.000000000000000000e+00 -1.000000000000000000e+00 -1.000000000000000000e+00 -1.000000000000000000e+00
3.196798286437988281e+02 1.567424049377441406e+02 4.352649688720703125e+01 4.574079132080078125e+01
3.010338268280029297e+02 1.567564048767089844e+02 3.192784500122070312e+01 4.191985321044921875e+01
-1.000000000000000000e+00 -1.000000000000000000e+00 -1.000000000000000000e+00 -1.000000000000000000e+00
3.051323223114013672e+02 1.581017551422119141e+02 3.361716079711914062e+01 3.956971359252929688e+01
-1.000000000000000000e+00 -1.000000000000000000e+00 -1.000000000000000000e+00 -1.000000000000000000e+00
-1.000000000000000000e+00 -1.000000000000000000e+00 -1.000000000000000000e+00 -1.000000000000000000e+00
-1.000000000000000000e+00 -1.000000000000000000e+00 -1.000000000000000000e+00 -1.000000000000000000e+00
-1.000000000000000000e+00 -1.000000000000000000e+00 -1.000000000000000000e+00 -1.000000000000000000e+00
3.029649925231933594e+02 1.564960422515869141e+02 2.664870452880859375e+01 3.947014999389648438e+01
-1.000000000000000000e+00 -1.000000000000000000e+00 -1.000000000000000000e+00 -1.000000000000000000e+00
3.039915542602539062e+02 1.584234714508056641e+02 2.788453674316406250e+01 3.908698654174804688e+01
3.026019001007080078e+02 1.580816802978515625e+02 3.021447372436523438e+01 3.895085144042968750e+01
-1.000000000000000000e+00 -1.000000000000000000e+00 -1.000000000000000000e+00 -1.000000000000000000e+00
3.004152469635009766e+02 1.583756237030029297e+02 4.241173934936523438e+01 4.068558120727539062e+01
-1.000000000000000000e+00 -1.000000000000000000e+00 -1.000000000000000000e+00 -1.000000000000000000e+00
-1.000000000000000000e+00 -1.000000000000000000e+00 -1.000000000000000000e+00 -1.000000000000000000e+00
2.960472049713134766e+02 1.569131374359130859e+02 4.635345077514648438e+01 4.290306472778320312e+01
-1.000000000000000000e+00 -1.000000000000000000e+00 -1.000000000000000000e+00 -1.000000000000000000e+00
-1.000000000000000000e+00 -1.000000000000000000e+00 -1.000000000000000000e+00 -1.000000000000000000e+00
2.822227153778076172e+02 1.575225296020507812e+02 6.267840957641601562e+01 4.437724304199218750e+01
-1.000000000000000000e+00 -1.000000000000000000e+00 -1.000000000000000000e+00 -1.000000000000000000e+00
2.962190742492675781e+02 1.559437274932861328e+02 6.168514251708984375e+01 4.917522811889648438e+01
-1.000000000000000000e+00 -1.000000000000000000e+00 -1.000000000000000000e+00 -1.000000000000000000e+00
3.065261039733886719e+02 1.566163883209228516e+02 4.135794830322265625e+01 4.882900619506835938e+01
3.017810001373291016e+02 1.554754085540771484e+02 4.175954818725585938e+01 4.675308609008789062e+01
2.893202114105224609e+02 1.551147117614746094e+02 4.897224807739257812e+01 4.735408782958984375e+01
2.926337165832519531e+02 1.517960529327392578e+02 4.107483673095703125e+01 4.846894454956054688e+01
2.956478748321533203e+02 1.556936454772949219e+02 5.024883651733398438e+01 4.557852935791015625e+01
-1.000000000000000000e+00 -1.000000000000000000e+00 -1.000000000000000000e+00 -1.000000000000000000e+00
3.024287872314453125e+02 1.556430988311767578e+02 3.875433349609375000e+01 4.646957015991210938e+01
2.959870948791503906e+02 1.575837764739990234e+02 4.231996917724609375e+01 4.380963516235351562e+01
-1.000000000000000000e+00 -1.000000000000000000e+00 -1.000000000000000000e+00 -1.000000000000000000e+00
-1.000000000000000000e+00 -1.000000000000000000e+00 -1.000000000000000000e+00 -1.000000000000000000e+00
-1.000000000000000000e+00 -1.000000000000000000e+00 -1.000000000000000000e+00 -1.000000000000000000e+00
2.990968685150146484e+02 1.575293331146240234e+02 4.072874832153320312e+01 4.463586807250976562e+01
-1.000000000000000000e+00 -1.000000000000000000e+00 -1.000000000000000000e+00 -1.000000000000000000e+00
3.062440319061279297e+02 1.581231403350830078e+02 3.471257400512695312e+01 4.479458236694335938e+01
2.887969799041748047e+02 1.593022670745849609e+02 4.977907180786132812e+01 4.447909927368164062e+01
2.228316955566406250e+02 1.541202754974365234e+02 9.019442749023437500e+01 4.880556106567382812e+01
1.925186033248901367e+02 1.547950439453125000e+02 2.843102455139160156e+01 4.736663818359375000e+01
2.045645904541015625e+02 1.506432456970214844e+02 6.434762573242187500e+01 4.378955841064453125e+01
2.397954254150390625e+02 1.498693485260009766e+02 2.349696350097656250e+01 4.570829391479492188e+01
2.443393230438232422e+02 1.491309328079223633e+02 1.573804092407226562e+01 3.103915214538574219e+01
2.445307073593139648e+02 1.499205894470214844e+02 2.145166969299316406e+01 4.768299865722656250e+01
2.470637035369873047e+02 1.495519695281982422e+02 1.654001998901367188e+01 3.408306503295898438e+01
2.467364940643310547e+02 1.496166648864746094e+02 1.761516952514648438e+01 3.744906616210937500e+01
2.476832218170166016e+02 1.496705818176269531e+02 1.731702804565429688e+01 3.476150512695312500e+01
2.476761150360107422e+02 1.492750549316406250e+02 1.702548599243164062e+01 3.364894104003906250e+01
2.471168766021728516e+02 1.497820606231689453e+02 1.961384201049804688e+01 4.590566635131835938e+01
2.488612222671508789e+02 1.494663925170898438e+02 1.667827415466308594e+01 3.553693389892578125e+01
2.486675262451171875e+02 1.496711997985839844e+02 1.801752471923828125e+01 3.824198913574218750e+01
2.497014818191528320e+02 1.495262432098388672e+02 1.699943351745605469e+01 3.242914199829101562e+01
2.477898759841918945e+02 1.496610279083251953e+02 2.447917747497558594e+01 5.183712387084960938e+01
2.513178024291992188e+02 1.496709136962890625e+02 1.657080078125000000e+01 3.403996276855468750e+01
2.513387327194213867e+02 1.500179481506347656e+02 2.273024940490722656e+01 4.794485473632812500e+01
2.549268655776977539e+02 1.503290443420410156e+02 1.609242057800292969e+01 3.293137359619140625e+01
2.531297836303710938e+02 1.508969593048095703e+02 2.538757324218750000e+01 5.495892715454101562e+01
2.548495817184448242e+02 1.498860511779785156e+02 1.711446571350097656e+01 3.270064544677734375e+01
2.515937900543212891e+02 1.526641139984130859e+02 3.854766464233398438e+01 5.630546188354492188e+01
2.534859304428100586e+02 1.512108097076416016e+02 1.960994148254394531e+01 3.410269546508789062e+01
2.566904439926147461e+02 1.498536643981933594e+02 1.818702888488769531e+01 4.206117248535156250e+01
2.578980960845947266e+02 1.497869281768798828e+02 1.619079208374023438e+01 3.397118759155273438e+01
2.542800159454345703e+02 1.529400482177734375e+02 3.676845932006835938e+01 5.644850921630859375e+01
2.554164609909057617e+02 1.497806148529052734e+02 1.888590431213378906e+01 3.205045700073242188e+01
2.413133525848388672e+02 1.579703559875488281e+02 5.038834762573242188e+01 5.671984863281250000e+01
2.266000843048095703e+02 1.574563217163085938e+02 3.165387344360351562e+01 4.673056793212890625e+01
2.268493652343750000e+02 1.546571159362792969e+02 5.219379425048828125e+01 4.680047607421875000e+01
2.490337991714477539e+02 1.496741943359375000e+02 2.837830162048339844e+01 4.813799285888671875e+01
2.290536136627197266e+02 1.584786109924316406e+02 4.644233322143554688e+01 4.583476257324218750e+01
2.584569845199584961e+02 1.502167644500732422e+02 2.107795906066894531e+01 4.078944015502929688e+01
2.405868434906005859e+02 1.533108005523681641e+02 4.835045242309570312e+01 5.355479812622070312e+01
2.482695579528808594e+02 1.509718761444091797e+02 5.340486907958984375e+01 5.273974227905273438e+01
1.997317638397216797e+02 1.591969299316406250e+02 3.714581680297851562e+01 4.538126373291015625e+01
2.169771022796630859e+02 1.601421985626220703e+02 4.580800247192382812e+01 4.026929092407226562e+01
2.070509567260742188e+02 1.570319499969482422e+02 3.312068176269531250e+01 4.504781723022460938e+01
2.223730411529541016e+02 1.587213649749755859e+02 4.717559432983398438e+01 4.363111495971679688e+01
2.095478439331054688e+02 1.575872001647949219e+02 3.183409118652343750e+01 4.189480590820312500e+01
2.141143722534179688e+02 1.581847801208496094e+02 3.684999084472656250e+01 4.412467956542968750e+01
2.093856983184814453e+02 1.575913524627685547e+02 3.198861312866210938e+01 4.122222518920898438e+01
2.172013034820556641e+02 1.598670463562011719e+02 5.064684677124023438e+01 4.430282592773437500e+01
2.188658437728881836e+02 1.559668598175048828e+02 3.046469306945800781e+01 4.346683120727539062e+01
2.290985832214355469e+02 1.546523895263671875e+02 6.785680389404296875e+01 4.919315338134765625e+01
2.366699676513671875e+02 1.562649936676025391e+02 9.819752502441406250e+01 5.183246231079101562e+01
2.090041847229003906e+02 1.597374954223632812e+02 3.182703399658203125e+01 4.878610992431640625e+01
2.135745639801025391e+02 1.584912128448486328e+02 2.298507308959960938e+01 4.021942520141601562e+01
2.317425146102905273e+02 1.593277282714843750e+02 2.337422370910644531e+01 4.284936523437500000e+01
2.353971290588378906e+02 1.605437011718750000e+02 3.351280975341796875e+01 4.635382080078125000e+01
2.196192951202392578e+02 1.566450328826904297e+02 3.556026840209960938e+01 4.108295059204101562e+01
2.186054935455322266e+02 1.575244140625000000e+02 3.352604293823242188e+01 4.620106506347656250e+01
2.324245500564575195e+02 1.594916915893554688e+02 2.742392539978027344e+01 4.500367736816406250e+01
2.229711666107177734e+02 1.607947921752929688e+02 4.981038284301757812e+01 4.970083618164062500e+01
2.179802780151367188e+02 1.572864170074462891e+02 2.482173156738281250e+01 4.347747421264648438e+01
2.220632419586181641e+02 1.589405632019042969e+02 4.839693832397460938e+01 4.626422882080078125e+01
2.169115619659423828e+02 1.569073162078857422e+02 3.251115036010742188e+01 4.471635818481445312e+01
2.127057590484619141e+02 1.586002464294433594e+02 3.820194625854492188e+01 4.326990509033203125e+01
2.141529502868652344e+02 1.606327133178710938e+02 3.068012237548828125e+01 4.367683410644531250e+01
2.326504516601562500e+02 1.574615573883056641e+02 7.266647338867187500e+01 4.709260177612304688e+01
