623.500000 623.500000 628.000000 628.000000
624.236708 163.853775 47.351643 92.618881
624.017456 161.626427 47.293472 92.145615
623.273932 161.313099 47.085911 91.772667
623.790257 160.851471 47.096901 91.583252
623.768503 160.315250 47.104351 91.353386
623.810259 160.288059 47.001797 91.219337
623.708405 159.707218 47.079437 91.086800
623.737213 159.942513 46.845337 90.817490
623.489681 159.379272 46.721718 90.960449
624.536749 159.536179 46.501667 91.095703
624.495403 159.258766 46.126106 90.618164
624.622686 158.017570 45.553074 89.344193
625.042250 158.326054 45.323246 89.147545
624.297461 157.615498 45.621235 89.530006
623.149752 157.259678 46.369427 89.767097
623.047134 157.275463 46.803238 89.925163
620.247890 155.736290 47.891670 90.187531
618.684111 155.649277 48.398670 90.853775
618.056143 155.020168 48.898609 91.189400
617.136217 155.040955 48.710552 91.921066
617.221930 154.803650 48.230106 92.030258
616.354485 154.475590 46.980118 91.500343
615.008551 154.637592 47.100834 90.761742
614.571495 153.220631 46.743881 90.744682
614.185766 152.982189 46.525501 90.276176
614.038612 152.657883 46.372742 89.679794
612.515196 152.542046 46.959812 88.206268
612.198366 151.299633 47.878643 88.579613
611.286053 150.324818 47.506920 87.760628
610.884729 150.622051 47.449184 87.699379
610.355850 150.767754 47.614807 87.611496
610.309254 149.399910 47.852943 87.901779
609.693842 149.528522 46.252117 88.233788
609.706408 149.476311 46.399441 88.423798
609.396177 149.056412 46.147480 88.361557
609.336687 148.838718 45.877666 88.550804
609.069944 148.259624 45.827473 87.643608
609.529146 147.714367 45.667141 86.405586
609.196608 148.155624 45.215794 85.554230
609.139389 147.991436 45.532639 84.440086
608.877081 147.524086 45.567005 83.772583
608.913477 146.376194 45.251034 84.277306
608.516163 146.240349 45.466331 84.474457
607.894478 146.082344 46.234787 84.993774
607.154829 145.413921 46.733494 85.084801
606.915693 144.850468 46.804630 85.365608
606.745605 144.143112 46.982773 85.951111
607.029598 144.242004 46.678093 86.067352
606.487467 143.713089 46.889233 86.057129
606.538992 143.629978 46.865284 86.054329
606.654013 143.282330 46.740665 85.634987
605.901684 142.124737 46.982430 85.404045
605.899664 142.707935 46.893162 84.107368
605.874573 142.656044 46.578781 83.171387
606.043657 141.786392 45.881420 82.660782
607.150139 142.310562 45.418091 81.842621
607.333729 141.891373 45.417015 82.338974
607.051451 140.997501 45.668278 82.586205
607.092669 141.976639 46.486126 81.954681
607.510176 142.245575 46.771244 81.944870
607.279865 141.804005 48.490700 82.123253
607.910311 141.598862 47.850719 80.765259
610.153212 141.706684 48.528599 80.449883
611.122047 140.860981 48.692703 80.392815
612.279030 140.968269 48.286530 79.167679
612.927557 140.506767 47.581226 79.053833
615.222872 139.733372 46.148800 79.470207
616.389273 141.043678 45.226856 79.111786
616.181890 140.625061 45.731449 79.480453
616.776367 140.712906 45.507980 79.019745
616.955214 141.473091 45.274860 78.756393
618.248739 142.213161 46.059422 78.048592
618.863365 142.782402 45.906494 77.825867
619.616982 143.394360 45.749527 76.846855
619.367804 143.861229 45.906116 76.291275
619.339975 143.014313 45.482418 75.283127
620.148745 144.129086 45.092968 72.507393
620.049267 144.163280 46.016624 72.932808
619.884081 143.779594 46.622555 73.998184
619.680073 144.811897 47.124260 73.936584
621.539921 144.697746 45.054482 72.722229
620.539612 145.216389 46.940887 71.825615
621.404242 145.781273 47.475773 71.968933
622.651449 145.743729 46.644154 70.737473
622.712448 146.650509 46.978455 69.935677
623.501539 146.364143 47.253300 69.648483
624.426243 147.336082 46.647499 68.292587
624.432177 148.380844 47.110516 67.258087
625.696543 147.408699 46.849667 66.720657
625.985147 147.758232 46.479183 66.003128
626.352547 147.679552 46.866486 66.287106
627.339149 147.665388 46.445068 66.595676
627.728119 147.546625 46.126999 66.679211
627.888496 146.882404 45.805771 67.026329
628.201527 147.044331 45.758141 67.120964
629.190819 145.659801 44.958115 67.859108
630.088820 144.900921 45.197453 68.831200
630.577515 144.245369 44.438766 68.499954
630.831659 143.865543 44.566280 68.248619
630.602125 143.873486 44.696003 68.048668
631.747236 143.480244 44.767963 67.542915
632.050194 142.531059 44.427826 67.217178
631.769049 142.206467 45.011814 66.937485
632.896677 142.087505 45.058773 67.250557
633.372461 141.886292 45.259945 67.403046
633.005318 141.729561 45.523163 67.489227
634.250082 141.658451 45.636219 67.045769
635.291876 140.646919 45.153294 66.880951
635.809889 139.852741 45.166080 67.024071
637.007591 139.117832 44.879898 67.357201
637.569153 138.636562 44.784042 67.314644
638.249628 138.487743 43.959728 67.025063
638.409426 137.750111 43.812847 66.719383
639.562729 137.400105 43.321960 67.761772
639.101452 136.792168 43.115242 67.745026
639.898081 136.157253 42.356274 67.907005
638.951368 138.435322 41.584660 68.073738
640.072006 137.260994 41.315491 68.982864
639.794754 136.173477 40.921661 68.763321
640.654884 135.413170 40.444107 69.046707
641.088057 135.491230 40.320545 68.996040
640.266386 135.259003 40.538090 69.550507
639.672163 134.094341 41.093601 68.579002
640.645159 133.116234 40.990536 68.598846
640.507160 132.915581 41.457451 68.423798
640.223457 131.599155 41.634293 68.727776
640.654396 132.013535 41.479401 68.221680
640.675026 130.694641 41.627289 69.056122
640.823990 130.613041 41.759674 69.362648
641.500546 130.171085 41.262901 69.452477
641.444279 129.431862 41.258171 69.926620
641.151766 129.076149 41.109142 69.375061
641.554735 127.847233 40.944180 68.569664
642.613197 127.331055 40.093796 68.224167
642.971674 126.723930 39.550533 68.292328
642.576599 125.851894 39.835281 69.309242
643.066450 125.345478 40.015934 69.434563
642.903072 124.208607 39.428322 69.510124
643.434902 124.922977 39.202461 70.016075
643.295811 123.665470 39.869041 70.195351
643.517492 123.879906 39.819538 69.971466
643.649025 124.314842 39.068130 69.440186
643.285545 123.232662 40.524490 68.493843
643.811516 122.620750 39.352936 67.940216
643.684402 122.575195 39.582352 67.722961
643.786354 122.015877 40.027802 68.196411
644.040724 121.474800 40.409077 68.339310
644.146439 120.917526 41.653641 68.417801
643.898533 120.963387 41.297813 68.090057
643.841076 120.603973 41.264458 67.624069
644.897892 120.053158 41.178963 67.541664
645.049351 120.271767 40.630013 66.644897
645.664692 118.263557 41.694557 67.262756
644.783148 118.735500 41.722050 66.501915
645.078943 118.450634 42.163418 67.391426
644.371803 117.411457 42.522781 67.515816
644.304338 117.701427 42.455044 67.166435
643.811747 116.675747 43.325069 67.429649
644.413549 116.183411 43.984013 67.950729
644.237803 114.884224 44.276562 68.642883
645.323565 114.118378 43.773388 68.162308
646.496986 113.834743 42.831802 67.219154
648.033642 112.758436 42.250313 66.652225
647.993103 111.844242 43.202423 68.010353
648.862354 112.074425 42.176231 68.181747
650.019802 109.779953 41.498604 68.970901
649.275984 110.120987 41.620350 69.325989
649.627493 109.150784 40.304249 68.953651
650.237514 108.839085 39.940575 68.053307
650.203650 108.506618 40.552265 67.842232
650.898994 108.192307 40.432007 67.146622
650.420534 107.417919 41.140865 67.142662
651.440832 106.397541 41.146976 67.827705
651.267633 105.809765 40.846066 68.125908
651.725487 105.535820 42.110428 68.508316
648.878923 106.705711 43.596966 69.125870
649.600937 106.023037 42.659302 69.320793
649.520754 104.404594 43.028698 69.303589
649.023119 104.565804 43.636593 68.052399
649.302023 104.452328 42.939075 67.167625
650.222569 103.954458 42.984261 66.976276
650.187296 104.421368 42.712582 66.186104
651.228794 103.412428 41.755501 66.752476
651.531693 103.696228 41.601761 66.434891
652.540262 102.733564 41.589169 66.787724
652.407879 101.854443 42.430687 67.114403
652.854870 102.675831 41.467110 66.239647
653.151924 100.896236 41.708252 66.300346
653.765787 101.583761 42.172176 65.810978
654.568228 100.696770 41.539524 66.212997
654.696522 100.316759 42.615929 66.192471
654.069042 100.059265 42.324028 65.932465
655.104382 98.747732 42.317192 66.544956
655.754246 99.016403 42.658546 66.265167
655.152498 98.295734 42.976009 66.483055
655.560240 98.505438 43.004292 65.533482
655.122015 98.092710 43.610447 65.895573
656.451582 98.186310 43.278584 64.653091
656.172958 98.029625 43.744461 64.348343
656.348015 98.624317 44.037445 63.601601
657.530525 98.637360 43.484467 63.386658
658.344891 98.430252 43.079674 63.797485
659.962402 97.996901 42.566544 62.981602
660.421206 97.267160 42.281536 62.967709
661.177711 97.386917 42.343933 63.075577
658.968044 97.274300 42.980995 63.515320
659.686728 96.187904 43.011646 63.522629
660.992777 96.804558 42.197872 63.365707
660.939272 96.349907 42.544888 63.186127
662.704752 96.029940 41.955639 63.602612
663.239304 95.711666 41.115051 63.518913
664.035175 95.012508 41.044945 63.902382
665.420721 95.061953 40.342854 63.673855
665.795776 94.585180 40.188461 63.834675
666.176590 94.262659 40.293823 63.101299
665.949907 94.646103 40.370449 62.198090
665.146976 95.275652 40.714760 61.856030
666.092318 95.256067 42.040508 61.159313
666.179852 95.676552 41.478172 61.435287
666.964403 95.718895 42.059750 60.943680
667.697746 95.592810 42.992233 60.351383
667.262703 97.299677 43.373672 58.936550
668.405785 98.219969 43.825760 58.510777
667.497169 97.915596 44.416183 58.585388
668.162560 99.002193 44.706070 57.650780
669.006987 99.554045 44.397190 56.805042
669.438297 100.303659 44.289024 56.016537
670.881817 101.148327 43.974876 55.568489
670.994268 101.071348 44.570728 55.706348
671.474735 101.886717 44.861046 55.045429
671.797163 102.610807 44.651569 54.521931
671.738121 103.334146 44.408966 53.861813
673.632185 104.786453 42.923023 52.971939
674.361427 105.014318 41.047272 52.267796
674.685934 106.818035 41.158863 50.919762
676.264078 107.910608 39.853725 49.994167
674.394300 108.316799 40.275135 49.572105
675.543856 108.117905 38.462139 48.699936
675.340853 109.648312 38.042110 48.313789
676.808081 109.819956 36.333393 46.909176
675.891249 110.756374 37.264301 46.752724
676.580566 110.942329 36.569351 46.154892
677.327044 110.862253 35.981609 45.854931
676.033508 111.544863 37.163956 46.117352
676.089207 110.227371 36.160866 46.401901
676.757418 111.286526 35.783306 46.101616
676.790565 110.260447 35.843857 46.316494
676.968006 109.649168 36.990349 46.868259
676.338043 108.534279 37.255981 47.350906
676.502596 108.934826 37.193996 47.425880
676.714016 107.778824 37.247093 47.838348
676.503288 108.112505 37.832153 47.591930
677.045444 106.393448 38.220909 49.055130
676.178097 105.036421 39.355385 50.468922
676.642532 103.821985 38.929565 51.162701
675.803690 103.246984 39.737896 52.761555
675.309198 102.170717 40.606274 53.776531
675.835503 99.248997 40.545151 56.380882
675.491228 98.690491 41.699749 57.906723
674.977320 96.923872 41.845654 59.162556
677.198072 96.091913 39.673542 58.662304
674.946482 94.257282 41.198666 60.559029
675.854607 91.120239 40.072632 62.842880
679.835735 90.363707 36.633217 61.525791
675.356270 90.651804 38.642776 64.272228
677.790419 89.592348 36.465351 63.895077
675.793383 89.747606 36.845074 64.689404
678.354954 87.373260 35.586845 63.460434
676.218912 87.581921 38.573315 66.223534
676.125168 86.413202 38.044449 66.902218
674.071371 89.456581 41.342579 67.956238
674.775620 89.586109 40.097610 67.718208
673.434687 88.650734 41.018810 69.550354
673.432968 89.009693 40.669724 69.603676
673.828352 88.817318 41.568363 69.988503
673.484711 87.300400 40.861267 69.615601
674.262390 88.210976 41.913712 69.016525
673.712030 88.383038 41.586224 69.806541
674.551527 87.928829 40.596638 69.390999
675.938980 86.466396 41.203842 69.934273
678.960732 87.394997 42.464111 68.397720
680.649609 87.322704 37.881737 67.308022
682.589102 87.212391 39.387653 67.044090
683.454119 87.103565 39.669216 67.244591
682.615812 87.607342 40.301960 67.878654
683.714890 87.301485 40.008087 66.504223
682.551327 86.328442 41.621193 67.448662
683.570377 87.741299 40.735100 66.864433
684.305399 87.253811 40.329784 67.030663
684.563896 87.634865 40.426086 66.760147
685.055340 87.799694 40.473763 66.515434
686.273453 87.562044 40.750427 66.791409
687.825098 87.693739 39.557293 66.551594
691.282408 86.352198 38.048695 66.758572
692.731277 89.055294 35.748322 67.068153
693.013216 88.743404 35.138668 66.258156
694.549614 88.857113 34.851471 67.050026
695.032678 89.934181 34.438078 66.048370
695.125843 90.592205 34.479561 65.770912
696.493704 91.841631 33.202717 64.345745
696.882772 86.543354 32.950153 67.279808
697.497690 88.387672 34.155300 65.597733
696.827188 88.392326 34.162794 66.373474
696.617805 87.436813 33.564163 64.089813
696.450120 86.810560 33.918959 64.345127
696.802176 85.909895 34.263721 64.627735
696.995815 84.599655 34.335289 64.651520
697.249617 84.767817 34.388752 64.899029
697.245142 83.154083 34.671810 65.103317
694.819715 83.361828 35.099323 64.395348
696.295824 83.367910 34.681744 63.552341
695.749122 83.754288 34.562883 63.801666
696.323053 83.162472 34.534344 63.281670
696.342302 83.717087 34.290966 61.915817
696.767766 82.693277 34.580755 61.496944
696.255436 84.025007 34.308327 61.644749
696.035185 81.480335 35.346516 62.724388
694.598249 80.947762 35.782093 63.473022
693.740067 79.918438 36.664764 63.614067
692.139606 80.329315 37.658730 63.291351
692.761633 80.345615 37.098225 63.421379
691.866978 79.067350 38.002464 63.234165
691.445194 77.778427 37.492683 63.540878
693.669668 79.642147 34.590748 61.365807
693.728580 79.789963 35.707420 59.877045
694.195963 78.146612 35.441021 60.917011
694.325743 77.001640 35.337330 60.911057
694.004433 78.328979 36.016693 60.315384
694.928741 77.781357 34.442505 60.154114
695.846811 76.900347 35.605236 59.686031
695.113810 76.679153 35.403225 58.402435
694.501415 77.492203 35.863060 57.929306
694.769873 76.767298 35.955387 58.394070
694.177689 74.748442 36.515762 59.637638
693.214775 73.565790 36.253754 59.732983
692.925274 72.446779 35.506187 61.010128
692.436049 71.795073 35.838093 60.383869
692.852114 72.311882 35.115200 60.700760
692.970641 72.008444 33.859087 60.116169
691.878365 73.677504 33.277420 58.588612
692.343929 72.194357 33.601692 59.119038
692.435028 71.839224 33.239685 58.370853
692.420273 71.155291 33.582870 58.546886
693.032070 69.185253 34.048225 59.402931
692.684638 69.624359 34.712603 59.586792
693.354063 70.411785 33.863407 58.716850
693.470402 66.721922 35.465828 60.088444
690.910995 69.584761 33.556320 58.556705
692.705591 69.487833 33.337017 57.954067
692.384145 69.262999 34.154455 58.551273
691.825364 68.837315 33.619062 57.913994
690.623594 68.354879 34.798328 58.914936
690.485892 68.727169 34.186708 57.937279
690.551565 68.749098 34.197590 57.892078
690.794898 67.849072 34.187563 58.307961
692.250849 66.771242 33.321987 58.144527
691.402984 68.489321 33.674669 57.054562
691.535633 69.474400 33.215324 54.406670
691.736399 67.494667 33.027660 55.956406
691.653729 68.790611 32.508963 56.333023
691.979798 66.964500 32.606642 56.775330
691.928309 67.930220 32.753321 56.010120
692.170337 67.972551 32.287363 55.439556
692.705201 65.550791 32.008894 55.515209
692.179569 65.855793 33.496010 55.144356
692.891456 65.170532 33.097826 55.473572
693.244535 63.178913 33.051609 57.027306
692.517335 62.218988 33.928923 57.467556
693.465063 62.645140 33.189228 57.476444
693.710611 63.311897 33.196545 56.969254
694.404483 64.519842 32.340082 56.530918
694.356091 64.684668 32.681084 56.408634
694.044683 63.947557 32.429478 54.376369
694.086771 63.665236 34.094967 54.383930
694.769111 62.548716 33.240007 54.106594
694.959620 62.593670 33.769054 54.205009
694.912493 62.268469 33.760464 54.760456
695.451241 61.297947 33.215422 54.506844
694.840364 61.479763 30.898403 55.079491
693.949038 62.416054 32.491756 53.915894
693.941760 62.125803 32.830591 54.196880
693.947499 59.965206 33.185675 54.203743
694.156902 58.852499 33.458382 55.639820
696.318240 58.132692 32.911539 55.893414
696.374433 58.059237 32.657751 55.769039
696.547360 58.257748 33.320227 56.022560
697.137557 57.467665 32.487200 56.202015
696.822231 57.827805 33.146477 55.954895
697.097532 58.478880 32.862293 53.258503
696.875196 59.201231 32.712271 52.996769
696.892962 58.918415 32.588146 53.230064
697.043765 56.915728 32.847559 54.213070
697.219508 55.277575 33.392237 54.738949
697.885946 57.461285 33.382969 53.891884
698.224928 58.707148 33.274677 53.352810
700.015891 57.294935 32.820467 52.922215
699.344113 58.127987 33.180212 53.012535
699.856782 57.289862 32.921309 52.418903
701.684811 55.360531 33.178856 53.782814
701.353664 57.259483 32.552544 52.325516
701.363470 55.931793 33.574192 53.433929
702.344610 54.755108 32.474751 53.533775
702.447422 56.834099 32.930122 52.944794
704.354587 57.002489 31.272821 51.341396
705.662166 57.738014 30.251505 51.305634
706.024314 58.358120 29.173937 49.880684
706.340099 57.832428 28.615715 48.755417
705.518187 57.455778 30.135838 48.985004
705.027129 56.943756 30.890810 49.435837
706.161098 54.815639 31.549509 50.815681
705.641277 54.958193 31.365608 51.748547
706.340652 55.346832 31.054323 51.657852
706.616913 52.978979 30.770569 52.662083
707.272460 54.234653 31.605165 51.805687
708.098264 53.084475 31.315237 50.739208
707.669723 53.643118 31.793612 50.779987
709.594926 51.575474 31.070784 50.446968
710.048893 51.448761 31.034538 51.461227
708.721095 51.213474 30.495844 54.009529
709.425821 53.752043 30.497692 51.978260
709.680436 53.457300 30.935286 51.699581
710.262490 52.843086 30.744413 51.943283
710.352588 52.510567 30.707117 51.710892
710.642229 51.623207 31.345882 51.211746
710.728375 52.744030 30.827536 50.828865
710.518608 52.571760 31.197861 50.180286
710.386034 51.520504 31.699261 50.304024
710.454363 51.496874 31.670132 51.028698
710.439608 50.565454 31.619366 51.127773
710.921239 51.660467 30.993429 50.384907
712.834813 51.852053 30.444723 49.614834
712.488378 51.391790 31.622869 49.348194
712.833556 52.374460 31.472582 49.490108
713.417144 49.477354 31.604113 48.846287
714.651515 49.669653 30.941034 49.247013
716.158797 49.174273 30.392580 49.192104
716.693260 49.074587 30.462677 49.305981
717.184927 48.316458 30.839863 49.894703
718.124976 48.941702 30.164873 48.545628
718.456400 47.931629 29.616894 48.713219
718.669028 47.042274 30.274019 50.555588
719.067550 46.307281 29.914415 50.644623
718.576564 46.962152 30.009363 49.817135
718.488729 46.996826 29.989048 50.487610
718.371366 45.531677 30.893255 51.033356
718.723942 44.506052 30.232735 51.299740
718.663568 44.417835 30.232664 52.203712
715.759441 46.952459 30.568596 53.713642
715.617823 47.505182 30.633038 53.113064
716.711159 48.201046 30.757507 51.835823
717.036511 47.576553 30.432089 52.189011
717.375451 47.289450 29.792433 51.021030
718.320851 46.601164 29.637777 51.189747
718.610219 47.137569 30.080175 51.245247
719.471209 46.905985 29.694347 51.695507
719.075333 46.953131 30.350647 52.413624
719.545932 46.516748 30.939631 52.884655
719.020723 46.384855 31.190929 54.133823
719.722087 46.640167 30.382151 53.937027
720.203436 46.346643 30.453037 53.151577
719.899145 46.532963 31.099674 53.136696
720.461474 46.073809 30.073313 52.064236
721.214295 45.495504 29.729506 52.949848
720.774238 46.073359 29.730867 52.234112
721.404527 45.221401 31.003996 52.582848
721.849884 44.265673 30.934250 52.941158
722.725868 44.224588 30.831757 52.948025
723.194809 44.345520 30.454315 52.412933
723.887380 44.360792 29.953253 51.603672
725.073199 44.272041 29.056620 50.452652
725.282077 44.587706 28.760691 49.676762
725.519399 44.801729 28.650396 49.656017
726.046635 44.954302 28.283119 49.488537
726.234421 44.113825 28.424835 49.248104
726.820596 43.271111 27.872694 49.654892
727.537014 43.332579 27.234261 49.277409
727.490893 44.286293 26.647379 48.570877
727.371673 44.594011 27.074068 48.612240
727.293722 45.567432 27.658100 48.747200
727.904822 44.420935 26.939257 48.318424
728.359804 43.345612 26.807522 48.008484
728.735356 44.625036 26.081686 48.246479
729.683948 44.206964 24.904703 47.477489
729.870230 45.050962 24.644421 47.786877
731.067609 42.608412 24.022161 48.235615
731.850746 42.826042 23.627113 47.854607
732.522392 42.489765 22.487297 47.274734
732.522709 42.858620 22.379936 47.601166
732.811028 41.809790 22.286749 47.154865
734.713700 43.277424 20.744001 46.789391
731.982681 38.575268 22.839317 48.491898
731.022436 39.729620 23.498386 48.157177
730.568967 40.114492 23.655195 47.830067
732.138758 39.315434 22.538677 50.206009
731.771883 40.570965 23.133007 51.250725
729.809104 39.761534 24.731066 49.374157
730.156766 39.671375 24.303282 60.314743
731.023772 39.721153 23.914042 55.432899
729.560077 38.174910 25.527056 59.205212
710.198256 46.791229 41.164745 75.945122
631.487065 90.069555 34.501177 62.789654
632.479767 89.639709 34.835934 56.875496
633.012495 89.569889 33.938629 56.888184
634.295660 88.744457 33.639557 56.925995
636.229024 85.127972 34.920519 57.498474
637.315367 82.840946 35.636444 56.366760
639.393670 80.193127 34.577387 53.975342
639.186103 80.551970 33.835691 56.905437
640.205020 78.327826 34.811407 55.522152
642.787811 74.436094 35.486370 55.980282
644.414503 73.673733 34.930206 54.704712
646.015083 70.805424 34.943172 55.195206
647.021852 71.126915 35.421181 56.333778
648.752919 69.997694 34.334505 55.394558
650.018182 67.621162 34.424189 55.693886
650.613366 66.701382 34.074183 54.914154
652.123209 64.818504 34.606773 53.834557
650.953732 65.130054 35.621387 56.035965
652.927556 63.433283 34.646685 55.011295
655.189676 63.364157 35.134315 56.447506
657.808863 63.507149 48.868050 72.105980
658.149612 69.043678 41.274441 71.323738
658.625423 66.235344 57.893208 69.253731
657.695507 58.434278 37.297993 60.871792
661.031111 66.353710 39.355286 78.175735
662.433140 61.887093 37.593769 69.965782
664.325727 53.498009 50.321487 87.169670
664.783306 25.627045 38.992832 83.346611
665.258013 52.492453 35.334084 62.227001
669.822958 44.729370 85.677042 68.065498
661.123107 25.645844 32.001595 51.933067
666.377434 43.150291 28.417959 45.734596
668.283252 52.728119 26.213669 39.020393
671.046270 52.658840 28.216295 41.058594
674.644421 51.452801 26.381292 38.223053
676.127543 50.757826 26.734291 40.685314
678.301433 50.071789 28.176819 40.107353
676.756433 49.826807 29.334703 40.342571
678.521677 48.783749 29.239473 40.855431
680.866188 47.470217 26.956808 40.130245
683.552492 45.648125 26.994005 38.043945
683.341775 45.669085 27.808765 40.330189
683.374641 45.395958 28.221113 38.737770
684.530548 44.628469 28.247000 40.556065
686.228693 42.827307 28.445078 39.009815
687.805962 42.638929 28.295706 38.789150
689.501117 40.675415 27.314873 37.823143
687.870666 41.823992 27.741379 39.039005
690.013348 40.987747 27.680426 39.135651
691.577320 37.884043 27.011183 40.015301
693.903309 38.015886 26.435431 38.789013
695.417215 37.345924 25.700579 38.700768
695.386827 36.323305 26.199986 39.314434
696.374887 36.630995 25.798067 38.614002
698.199358 35.317671 26.780695 38.359241
698.456076 36.246935 26.195711 38.102909
699.598722 35.149080 26.096964 37.655056
699.996658 34.953459 26.115492 37.574558
700.850559 33.948795 26.203665 38.095497
703.295665 33.272749 26.086372 38.156605
703.842638 32.765064 26.331758 38.889404
705.013273 32.653923 25.566393 37.222092
705.442872 31.925142 26.190609 37.529194
706.346465 30.662725 25.833336 38.535542
708.772378 29.828083 25.667286 38.050117
708.962952 29.884109 26.154760 37.908165
709.648203 28.927298 26.888376 39.362789
710.431741 28.228050 26.475254 38.657722
710.091505 27.756536 27.436106 40.489330
711.056288 26.479439 30.146776 48.308327
712.036199 26.117296 27.671833 42.846180
713.795943 24.893257 27.189682 44.776909
713.419481 26.827549 30.869791 58.910034
714.600003 25.737007 27.864231 60.324989
711.929506 31.853455 33.917521 76.818428
637.717864 52.916927 31.831558 50.916977
639.709291 52.550676 31.253122 49.719044
640.137955 52.677048 29.818419 47.438622
639.438169 53.248411 30.970339 46.783154
639.815837 55.289597 30.725075 44.650566
639.340518 56.186979 29.770470 45.312099
639.329775 57.737020 29.842981 45.470455
638.432262 60.463848 29.547384 44.333176
637.476899 61.050077 29.792995 44.528988
637.790168 63.570990 29.709869 45.290462
637.563936 63.361393 29.340830 45.389832
637.504117 64.317228 29.938908 45.406475
637.871036 65.324347 28.765648 45.351467
637.420319 64.968681 29.083601 44.245781
636.938865 66.020798 29.448044 46.517708
636.788295 66.536293 30.058754 46.341057
637.207030 67.538366 29.641754 46.298717
636.652866 67.750193 31.120657 46.936069
636.866822 68.887114 31.519161 45.560986
636.019546 70.344296 31.019806 45.913300
636.111691 71.788330 29.799459 45.878563
635.858540 72.335432 29.587133 45.917782
635.232842 74.235954 30.167431 47.318779
635.850080 76.450378 28.369616 45.440498
636.125041 77.141108 27.883690 44.342381
635.288977 76.966179 28.067438 44.960991
636.408056 78.501556 28.303110 45.408882
634.913173 79.389191 30.101349 46.589272
636.428542 77.854998 31.927589 47.618366
637.735991 78.852325 34.124704 45.908577
642.121593 85.024904 47.711487 52.903706
639.619596 80.955008 36.189342 49.538372
639.949611 80.988043 35.422333 50.425274
639.266059 82.450176 36.857399 50.122238
640.963607 82.924772 34.664009 49.425076
643.254880 84.838364 32.719906 47.641273
644.041130 84.427153 34.015646 51.679073
646.724358 85.774605 32.899588 48.367821
645.077691 87.153296 33.544147 50.848400
650.066269 88.164083 31.897085 49.891293
649.572663 89.908886 33.950169 53.095612
651.095458 90.659079 34.063103 51.313122
651.758290 92.598276 33.037762 50.485493
653.262391 93.249176 32.841114 51.510628
654.987155 94.732651 32.073654 49.106621
658.201373 95.758371 33.397858 51.069401
662.802735 97.099178 33.583820 48.840546
662.038383 99.272501 34.489418 48.071247
664.936914 99.581488 32.500750 46.953335
664.423468 101.313528 33.091516 48.164516
666.027843 106.067368 31.424301 47.163048
676.139815 101.843487 32.085472 43.679108
672.460163 105.677977 33.887327 45.179440
675.691433 107.440193 32.204084 45.541237
676.262818 108.060383 34.550556 48.699951
687.196502 107.395908 31.009865 48.356522
690.553041 108.845974 32.147860 50.573929
693.542830 110.642183 34.008692 53.306019
693.639380 111.165550 32.798759 52.128380
700.752546 111.579445 33.757715 54.543221
708.219448 114.489569 33.762983 58.046307
707.290082 112.065880 37.779110 60.163490
711.213258 116.115959 36.316486 58.423820
714.120431 117.856426 35.639744 53.406403
715.888512 118.975004 34.709509 48.563076
719.427893 118.453609 34.088282 55.893356
699.775109 74.714272 52.991856 78.638733
688.654572 64.601694 35.873035 61.983288
688.857270 64.952221 33.332020 55.294212
688.594476 64.645338 32.093204 49.858738
690.392777 63.265123 31.561268 40.257168
689.709609 64.374321 32.039238 46.824539
691.853588 62.754248 30.780775 43.930820
691.516362 63.314680 30.403622 45.049091
691.017711 62.536568 30.786499 47.643265
691.070971 62.549858 31.302902 49.875259
691.283738 62.374384 31.206059 47.725780
691.612224 62.233046 31.336426 48.246906
691.147456 62.687336 31.484451 48.206429
691.784646 60.078817 30.973545 48.271519
690.774320 58.457329 30.930737 51.072525
689.885309 58.515463 31.393587 51.733418
691.114238 56.884420 30.310135 50.337833
690.843958 57.125576 30.649767 50.859627
691.793661 56.118277 29.529016 49.743092
692.615534 55.987206 28.707201 48.270416
693.686334 54.359619 28.042805 44.777176
691.709530 53.979544 29.219770 46.791798
692.442447 54.481819 28.845657 46.641937
692.469910 53.375538 29.085562 46.159645
689.370661 52.960857 31.362032 46.366936
689.520329 52.756233 31.153835 47.051086
689.688354 52.536383 31.117958 46.171528
689.246143 52.294250 32.539640 48.943680
690.299141 51.010649 30.448950 46.245167
689.198826 50.174891 31.337706 50.429134
691.532975 48.329859 29.823231 45.739574
692.327160 49.068241 28.967253 45.772881
691.860849 48.028400 28.953310 45.920677
692.397021 48.459003 28.725357 45.570259
692.913903 47.845610 28.100773 44.023182
691.840294 48.368145 29.197950 45.906334
691.425337 46.661728 28.790331 46.884796
690.822702 46.541973 29.408686 48.823753
689.985148 45.675701 30.209480 48.610039
691.374946 45.703085 28.942932 46.243977
691.375326 44.825743 29.398684 46.396030
690.835180 45.556576 29.933947 47.304466
692.189453 44.611359 28.961332 44.635254
690.550992 45.294737 29.957569 46.895283
691.913433 42.184238 28.598104 44.582588
691.831713 43.294033 28.300364 44.001930
691.807657 42.784849 29.043161 47.461445
692.394004 42.100109 28.384491 44.646324
691.804839 42.723461 28.921478 46.768608
692.443073 41.101841 27.958776 45.001137
691.943007 41.383829 28.610428 49.333813
691.363087 40.600821 29.310736 51.290073
690.892624 40.456997 29.284086 51.026634
690.458836 40.860239 29.805639 52.293026
691.653057 39.157621 29.572760 51.951694
690.963584 39.150122 29.772705 51.758533
691.398221 38.931591 29.650135 51.171761
691.024868 38.883383 30.021627 51.121616
690.966028 39.179243 29.801661 50.745121
691.712750 37.005346 30.133595 52.385075
692.946986 40.398808 37.949593 53.622841
690.411483 35.620064 32.746597 56.833694
697.356133 49.907228 42.233028 56.693020
691.417101 36.131966 30.801218 59.723358
694.228456 43.450321 36.947536 55.332573
692.710494 34.973072 28.555176 50.430214
692.744170 35.345369 28.300278 50.926983
692.169635 35.408026 29.980400 51.270893
692.090688 33.576597 30.461033 53.701878
692.905004 32.931074 29.412418 52.797199
692.929272 32.521250 28.434576 48.934933
692.739359 33.266422 28.506937 47.182579
693.164460 32.587446 28.922649 47.917652
693.266879 32.620737 28.385963 47.251720
693.875579 34.220303 32.190872 50.754707
693.206309 33.004635 31.597588 53.210594
694.424546 29.496836 27.369884 48.605099
694.688412 29.045414 26.686468 46.717491
694.042103 29.074831 26.728819 47.306240
694.838381 28.504919 26.966356 45.381992
695.175826 29.100883 26.536308 45.879562
694.960961 28.307974 26.540722 47.204494
694.426563 28.005875 26.489187 46.545311
694.135950 27.538918 26.148615 46.912773
694.777248 26.524731 26.149252 45.729088
694.175376 26.821392 26.733360 45.427086
694.351620 26.544991 26.829863 45.234863
694.339090 26.149471 27.094530 45.514511
694.500685 27.098770 27.258402 45.135475
695.464852 25.214357 25.586948 42.889729
695.061771 24.904600 25.826780 45.489925
695.854884 25.499090 34.940659 49.938686
694.303142 24.124094 28.625778 49.552387
694.502043 24.723375 28.940058 48.152287
695.530191 24.154167 26.273119 44.631706
695.043709 23.785183 26.164328 44.060242
694.854285 23.072058 27.397064 46.138371
694.534973 22.877342 25.894011 43.901039
694.925693 22.155090 25.974564 46.047089
694.908387 21.776604 26.263302 45.763123
694.451292 21.978895 26.198893 44.117367
693.945023 21.792234 27.168364 44.168774
694.526807 22.071638 26.454739 42.486767
693.987318 22.550354 29.303240 44.413597
695.202908 21.043056 26.137136 42.798019
700.917500 31.026089 54.582500 53.115036
675.467337 37.546970 80.032663 91.694931
693.114095 19.211344 30.730785 47.710224
679.626037 29.377926 69.911873 58.081573
625.816673 16.768658 125.217216 76.180603
682.326867 16.866648 44.594105 63.262119
630.328319 13.608814 115.022354 70.630096
640.836673 45.268021 114.663327 89.085030
668.528492 28.831249 64.083309 128.583939
702.917026 109.413610 45.202236 53.103176
696.333177 100.325823 41.921387 54.117115
703.911441 109.267797 43.087566 47.422878
698.914779 98.808352 47.861652 55.558887
648.961458 94.507511 74.871071 59.441971
601.525186 31.228878 109.459175 120.805817
503.197704 6.868633 35.565174 57.509888
507.611086 0.439934 29.875570 47.169441
506.843419 -0.818295 27.351580 36.192841
504.497100 -0.762152 26.280272 36.843891
507.981429 -0.314587 25.483244 38.148407
503.255793 -0.718792 26.232809 35.133232
506.769010 -1.196807 24.946960 33.013609
502.000658 -1.027267 27.501884 35.232483
507.713061 -0.815297 23.798437 33.316347
502.875077 -0.449189 26.363176 34.810915
506.203815 -1.118966 25.161205 32.904177
504.274214 -1.177021 26.697577 32.973381
508.030080 -1.116559 24.813408 32.963144
503.189558 -1.113560 26.150490 36.388809
504.280486 -1.324910 27.354971 34.543993
507.059653 0.157906 25.859251 35.654076
502.419643 -0.953952 26.600758 34.683943
506.173201 -0.402715 25.322012 34.566652
504.555989 -0.900305 27.162859 33.889751
505.486403 -0.901805 26.565588 34.347540
504.546714 -1.292984 26.696239 35.514938
503.952672 -0.042765 29.047701 40.055500
503.847274 -0.434736 26.940128 38.400631
