320.500000 320.500000 325.000000 325.000000
326.128496 128.740169 40.922329 27.991648
332.177013 126.861398 38.709663 26.901365
336.084843 125.886492 38.417053 26.625446
339.738140 125.735396 38.427109 26.480852
341.860563 126.066105 38.096272 26.430016
344.060783 125.713224 37.841492 26.824436
343.119070 124.915661 38.091908 28.276855
341.438988 125.981443 38.217590 27.266689
340.569658 128.605401 39.254238 28.282751
341.117439 134.162023 39.641243 29.438002
340.351990 140.466636 38.207161 29.110468
339.391146 143.813490 38.481594 28.508907
332.088722 140.557869 36.782654 28.253647
332.713339 138.018200 36.426258 28.439919
338.089867 139.763768 35.768135 26.696928
340.999428 138.225348 35.318802 25.962597
345.072843 134.330909 34.829336 26.001978
345.937483 130.930749 35.429890 25.924292
345.663376 129.176456 35.468933 26.964134
347.832077 129.736262 36.501877 27.143061
321.212538 135.470755 62.598492 39.381321
350.520673 131.014481 34.137327 24.640732
352.455616 130.985243 32.036156 25.456928
353.790513 130.300488 33.268576 25.077261
355.470880 129.152493 32.940023 24.915131
357.002466 129.001939 34.026836 25.320639
357.478047 127.784089 33.259626 24.271849
358.758094 128.210313 33.731913 25.334227
362.434015 129.123647 32.784145 24.870184
365.086621 128.951859 32.704870 23.950026
369.343978 130.415560 31.107851 22.935856
371.083575 133.777444 32.649446 23.493994
375.799148 134.912347 31.285662 23.781149
378.610561 137.066000 31.705261 23.414021
386.556071 138.725411 29.173853 22.458860
392.197861 139.071657 29.595001 22.829281
399.315742 137.946944 29.654839 21.998980
406.410748 136.563490 29.960884 22.123295
414.816669 136.340460 28.992205 22.060810
409.370815 144.349191 39.367737 33.798147
420.967583 137.090366 29.420647 21.095901
412.484932 144.766836 41.587479 35.997066
424.116138 136.140786 32.329903 22.224310
407.468193 120.043121 49.370941 47.958031
369.664994 130.440561 34.634069 24.543049
370.479557 126.154818 67.147690 38.438076
352.404877 137.427097 81.516701 72.232140
346.209724 148.324375 74.955956 90.489494
353.015068 132.418181 45.032829 34.232042
356.268835 129.597644 45.996685 30.063562
350.603167 130.061334 41.800297 25.457518
353.352276 136.813484 67.303757 43.119064
341.386381 130.506936 48.350414 30.173307
341.577381 127.581801 67.437912 29.675737
330.574524 131.465156 48.489914 28.344515
326.274153 132.315569 57.328159 26.896313
318.292023 138.547499 69.359833 44.376698
303.711296 141.022699 68.304779 52.731930
294.952534 144.985855 104.161293 77.406204
280.139729 165.714668 78.260994 54.338409
267.806431 167.401932 78.190849 78.050705
272.785887 145.698029 63.570225 50.451279
275.350105 131.474939 39.790329 27.584179
273.599894 126.415551 44.933529 25.649473
275.970768 138.327801 54.803810 39.236641
264.824375 132.699503 57.748650 45.812374
255.315231 149.602585 74.487747 74.983780
251.399742 139.360651 83.969574 46.404934
245.083096 172.915398 65.991905 61.749023
249.101803 137.610481 71.191826 44.795319
247.260685 136.368563 57.824547 35.939327
245.583633 139.523597 35.474991 22.537844
232.958479 140.314621 46.314327 27.149750
240.246067 140.371427 40.081360 25.696386
242.518372 147.465242 60.948128 40.375286
242.237190 169.333469 70.778206 81.895332
230.903469 143.199753 84.139893 93.693954
233.022524 199.245691 64.914936 57.238216
237.083420 193.983318 64.566017 60.702614
238.470827 210.547199 57.327030 48.673943
240.426428 199.800495 61.158657 62.000893
243.279438 207.960083 57.270096 51.854874
244.132841 198.838900 62.821789 63.541195
242.220211 224.307711 58.021240 48.562099
248.804508 223.365580 54.936874 51.268902
252.302664 223.923454 54.245647 52.077301
255.959936 223.651476 53.204662 53.851803
257.388933 208.074821 59.586674 69.981705
259.350996 239.661324 52.976315 45.831223
263.615883 198.826656 65.455360 71.804649
266.059788 207.480848 77.793198 52.867237
285.761415 208.476756 48.399982 34.092676
273.295223 210.356798 58.266235 60.785076
260.189667 206.948298 96.488731 50.610897
259.153286 246.499821 52.487183 43.492683
261.052126 243.345049 46.308949 38.022823
255.873177 236.705563 46.846123 47.154778
254.322533 232.459686 51.054298 47.576752
247.413427 237.458855 51.815578 47.316437
247.095535 218.577883 62.951164 58.087185
238.226059 212.940884 85.990730 52.655357
237.318682 216.184603 63.871662 60.646038
238.023926 207.487541 79.738213 43.656921
233.960339 210.365690 106.113602 54.108997
235.926128 222.542366 102.824631 56.433594
251.570415 185.256210 135.280350 71.101547
225.303303 221.616886 98.859222 57.154579
239.892056 201.077171 129.987442 54.413208
288.786488 195.648222 92.012146 43.297932
263.364880 196.254999 115.123306 49.094723
215.820164 208.273563 118.385422 66.090950
213.744366 196.491158 114.921021 79.506592
204.037323 203.828701 120.870811 70.736961
195.045612 211.197506 121.894608 68.821709
179.983067 221.956614 95.658401 52.471798
193.564442 208.415718 111.893021 62.240982
202.639004 174.375469 125.033508 89.064278
208.694889 197.986273 114.464127 48.643421
193.143517 203.497341 117.594551 65.045021
205.446774 193.034554 144.594940 53.300217
218.375797 190.568964 137.786758 57.539989
195.995296 186.669636 160.039246 66.627556
183.873890 184.493267 134.561234 65.192665
205.433620 195.942924 112.948334 50.269089
191.935104 201.121153 121.798241 54.137333
191.755264 205.569984 102.632561 45.077530
199.998688 198.196491 95.071556 44.243477
191.150501 199.307417 109.898270 40.105442
229.720646 196.349730 78.820877 37.872501
252.557758 195.670302 55.098999 33.194628
196.420727 182.360033 90.025208 41.007397
204.623760 189.722322 106.350983 53.443310
193.234329 189.232117 119.214470 48.674301
185.180145 190.513018 116.002403 43.140240
185.162434 179.019194 116.465103 49.965183
194.252651 185.593975 112.634186 49.386604
201.205788 177.762634 107.790108 46.812958
206.094707 184.233543 104.952576 42.358871
210.322433 178.134426 99.037376 45.408150
242.232468 185.696497 74.755791 39.169201
214.499928 180.607771 89.750809 42.610600
190.070362 185.704338 109.727585 49.572601
200.069916 186.495903 97.507042 39.488098
188.629799 200.761652 80.010017 57.098293
196.112411 188.174757 122.608971 46.752659
190.858658 185.681694 125.115776 49.786087
177.954556 183.462982 135.598755 53.740234
183.133083 175.476118 152.404022 59.247684
192.577240 190.045029 118.447502 48.178009
202.797615 184.903484 103.662483 45.835884
196.698235 183.241589 110.892860 47.413887
201.640694 188.625563 110.885841 45.996433
214.381111 188.506735 85.452553 39.874470
216.502644 186.421326 90.129578 42.819290
204.508038 187.272015 116.622375 43.599205
173.515430 182.726938 136.638474 46.291561
185.125259 192.932552 104.265617 38.960167
177.096439 189.386175 86.034302 36.740391
162.573673 190.849834 113.062744 61.106621
130.883514 206.119619 96.746223 45.743259
91.199432 209.056273 38.520187 36.607212
92.135178 206.886471 33.494888 38.101768
95.988445 206.756027 35.324806 36.694550
98.137936 205.558567 35.428520 36.672447
101.116812 206.662510 36.609333 35.901222
104.212029 206.211615 33.629257 36.206059
107.925509 206.234848 33.813593 35.200279
110.375115 205.043407 32.754225 35.368202
113.592331 205.598755 32.445831 34.677383
115.804965 205.127022 34.106852 35.059875
117.732627 204.901226 32.233385 35.115204
119.354098 204.538572 34.462839 34.660511
119.027140 206.172985 31.767117 33.914055
121.063424 205.524407 31.013975 33.889845
121.072363 207.232686 31.161114 32.471495
121.409628 207.459382 31.174580 32.036451
123.446703 206.367238 31.507038 32.448469
123.870329 206.047069 28.256969 30.788507
124.425623 205.777342 31.661007 35.434185
127.155392 207.510776 35.840614 33.077936
127.005110 207.487946 39.982822 37.740616
119.032837 221.322111 38.255066 44.530277
119.190653 207.092230 51.132397 39.645626
104.700918 208.907539 66.548435 48.899803
122.509745 204.885618 49.062618 34.843014
125.452333 204.929872 42.316586 32.909475
119.557005 205.707381 46.334278 30.675730
129.115213 205.139619 37.970638 30.584570
131.454557 206.715081 35.468838 31.000586
137.151175 205.452089 33.224758 31.278408
137.080906 205.121349 35.965530 30.718559
139.682846 205.523967 31.807693 31.015329
138.901980 205.997544 33.354891 31.555021
