371.500000 371.500000 376.000000 376.000000
375.297470 292.451809 119.422974 66.699745
378.609516 291.989944 117.656273 66.637909
381.863758 291.192190 117.678856 66.687305
385.640034 289.344860 116.033012 66.508430
388.742069 289.742197 115.420799 66.365032
388.742069 289.742197 115.420799 66.365032
395.781677 287.906279 112.941315 64.754917
398.313835 287.882698 112.138321 63.940720
398.313835 287.882698 112.138321 63.940720
404.007923 286.113314 110.143211 63.697353
406.495228 285.790197 110.434074 63.424488
410.574848 284.410883 108.248131 63.220989
410.574848 284.410883 108.248131 63.220989
416.335835 282.745432 106.146324 62.681133
416.335835 282.745432 106.146324 62.681133
416.335835 282.745432 106.146324 62.681133
416.335835 282.745432 106.146324 62.681133
416.335835 282.745432 106.146324 62.681133
430.449501 279.720371 101.683792 61.430321
433.357086 279.303905 100.782440 60.605843
433.357086 279.303905 100.782440 60.605843
437.907185 277.681341 99.625328 60.144489
440.110229 276.305937 98.714813 60.008091
440.110229 276.305937 98.714813 60.008091
440.110229 276.305937 98.714813 60.008091
440.110229 276.305937 98.714813 60.008091
440.110229 276.305937 98.714813 60.008091
453.053879 273.665955 94.750336 59.522400
453.053879 273.665955 94.750336 59.522400
457.834976 271.153652 92.484406 59.892891
459.988914 270.895046 92.151413 59.328804
459.988914 270.895046 92.151413 59.328804
459.988914 270.895046 92.151413 59.328804
465.777145 267.785818 91.406311 59.652149
465.777145 267.785818 91.406311 59.652149
465.777145 267.785818 91.406311 59.652149
465.777145 267.785818 91.406311 59.652149
465.777145 267.785818 91.406311 59.652149
465.777145 267.785818 91.406311 59.652149
465.777145 267.785818 91.406311 59.652149
465.777145 267.785818 91.406311 59.652149
482.901745 262.510059 84.697426 59.153709
482.901745 262.510059 84.697426 59.153709
486.110588 261.214136 83.089493 57.349834
488.364063 261.336334 81.664360 56.332489
488.364063 261.336334 81.664360 56.332489
491.625954 259.456621 80.790665 55.790600
492.538494 259.527668 81.443550 55.214760
492.538494 259.527668 81.443550 55.214760
496.468670 258.866976 79.407143 54.642483
496.468670 258.866976 79.407143 54.642483
496.468670 258.866976 79.407143 54.642483
496.468670 258.866976 79.407143 54.642483
496.468670 258.866976 79.407143 54.642483
496.468670 258.866976 79.407143 54.642483
504.795506 254.091866 76.128563 55.480530
505.895729 253.230400 75.173599 55.585403
507.475124 252.749367 74.560173 54.924973
507.910854 252.127182 74.081444 55.843307
507.910854 252.127182 74.081444 55.843307
511.275040 250.417162 72.877090 56.097301
511.659203 250.242983 71.964752 55.743359
512.374126 250.364422 71.679771 54.439125
515.028702 249.184715 69.779251 54.331940
515.028702 249.184715 69.779251 54.331940
515.028702 249.184715 69.779251 54.331940
515.028702 249.184715 69.779251 54.331940
519.382271 245.994087 67.701431 54.683685
519.382271 245.994087 67.701431 54.683685
520.420958 245.522751 66.278141 53.681122
520.420958 245.522751 66.278141 53.681122
520.874298 244.516356 65.526260 52.953785
523.137293 245.316139 62.735806 50.600128
523.137293 245.316139 62.735806 50.600128
523.137293 245.316139 62.735806 50.600128
470.516357 243.708828 132.372833 80.028679
406.806507 273.377415 110.210320 68.708229
411.181984 272.848824 108.263626 68.143768
411.181984 272.848824 108.263626 68.143768
411.181984 272.848824 108.263626 68.143768
421.123371 271.104134 103.420189 66.600891
421.123371 271.104134 103.420189 66.600891
425.796619 270.270277 103.090630 66.231770
428.428654 268.671944 102.115135 66.030334
428.428654 268.671944 102.115135 66.030334
428.428654 268.671944 102.115135 66.030334
436.770775 267.214499 99.018753 65.186375
439.029869 266.167906 98.231003 65.050953
441.283031 265.094416 97.494148 65.210598
443.561775 265.224409 96.518112 64.604877
446.017830 263.446705 95.760056 64.142891
448.040432 262.846306 95.199043 64.278534
448.040432 262.846306 95.199043 64.278534
452.890865 260.852093 94.613899 65.033501
452.890865 260.852093 94.613899 65.033501
452.890865 260.852093 94.613899 65.033501
452.890865 260.852093 94.613899 65.033501
460.763008 245.766617 94.891495 75.739517
460.763008 245.766617 94.891495 75.739517
460.763008 245.766617 94.891495 75.739517
468.335384 242.672749 86.488289 71.991341
468.600334 254.528202 85.359818 64.103401
468.600334 254.528202 85.359818 64.103401
462.050476 195.087929 100.706696 114.312454
462.050476 195.087929 100.706696 114.312454
370.755203 207.343765 275.027618 179.073517
370.755203 207.343765 275.027618 179.073517
370.755203 207.343765 275.027618 179.073517
280.437721 310.251030 132.195358 68.114090
287.062576 311.709229 132.265472 63.922058
287.062576 311.709229 132.265472 63.922058
287.062576 311.709229 132.265472 63.922058
302.405228 308.681252 129.576355 63.465347
302.405228 308.681252 129.576355 63.465347
302.405228 308.681252 129.576355 63.465347
318.924129 305.410501 126.055855 63.291515
324.264915 303.136078 124.836655 62.998779
324.264915 303.136078 124.836655 62.998779
333.306808 301.003721 121.902466 62.111088
333.306808 301.003721 121.902466 62.111088
333.306808 301.003721 121.902466 62.111088
333.306808 301.003721 121.902466 62.111088
354.233833 298.208961 116.881821 60.240005
358.486675 296.181509 116.143867 60.790150
361.925182 294.630323 114.901649 61.013920
361.925182 294.630323 114.901649 61.013920
371.513119 292.663671 112.364571 59.850544
375.263317 291.577883 111.838417 59.832821
375.263317 291.577883 111.838417 59.832821
375.263317 291.577883 111.838417 59.832821
375.263317 291.577883 111.838417 59.832821
375.263317 291.577883 111.838417 59.832821
375.263317 291.577883 111.838417 59.832821
375.263317 291.577883 111.838417 59.832821
404.458363 284.956108 102.764397 58.457932
408.711285 283.788467 100.587746 57.941681
411.999569 283.244164 100.265755 57.573654
411.999569 283.244164 100.265755 57.573654
411.999569 283.244164 100.265755 57.573654
411.999569 283.244164 100.265755 57.573654
425.516273 279.264450 97.264938 57.253876
425.516273 279.264450 97.264938 57.253876
433.945110 277.513115 91.103279 57.951126
437.034767 276.529882 90.563492 56.680836
440.522427 275.200169 88.702736 57.140221
440.522427 275.200169 88.702736 57.140221
446.075207 274.208351 88.697914 56.350449
448.643291 272.423306 86.550636 56.763130
451.768044 272.196505 86.246536 56.472439
454.340748 271.126089 85.615257 56.499409
454.340748 271.126089 85.615257 56.499409
454.340748 271.126089 85.615257 56.499409
461.614784 268.577095 81.274643 56.096725
461.614784 268.577095 81.274643 56.096725
465.614841 265.846395 80.533379 55.730015
468.399727 264.956556 79.232498 55.614368
470.157410 264.350826 79.004639 55.604515
470.157410 264.350826 79.004639 55.604515
472.607571 257.302240 79.288521 61.910061
472.122841 245.233265 78.776382 75.025307
466.798512 215.173550 83.752678 87.793419
466.798512 215.173550 83.752678 87.793419
462.950617 203.676552 60.660229 43.347229
460.291950 204.656069 66.686348 44.449993
457.121738 203.439398 67.137856 44.429447
457.121738 203.439398 67.137856 44.429447
457.121738 203.439398 67.137856 44.429447
457.121738 203.439398 67.137856 44.429447
457.121738 203.439398 67.137856 44.429447
446.042709 201.801544 70.145920 45.764755
446.042709 201.801544 70.145920 45.764755
446.042709 201.801544 70.145920 45.764755
446.042709 201.801544 70.145920 45.764755
440.512226 201.057787 71.536201 46.267742
440.512226 201.057787 71.536201 46.267742
435.443523 200.074860 68.573204 44.666977
435.443523 200.074860 68.573204 44.666977
426.281666 200.332378 82.999367 47.108192
426.281666 200.332378 82.999367 47.108192
399.176201 163.366974 145.380310 109.360367
399.176201 163.366974 145.380310 109.360367
336.150181 287.109806 99.547798 58.207283
336.150181 287.109806 99.547798 58.207283
336.150181 287.109806 99.547798 58.207283
350.135937 283.532953 97.105156 57.622738
350.135937 283.532953 97.105156 57.622738
350.135937 283.532953 97.105156 57.622738
361.900757 280.444979 94.133011 57.021679
362.669361 281.434099 92.469490 56.119305
369.397858 278.350462 92.644211 57.556721
369.397858 278.350462 92.644211 57.556721
369.397858 278.350462 92.644211 57.556721
369.397858 278.350462 92.644211 57.556721
369.397858 278.350462 92.644211 57.556721
387.226227 273.355589 87.149704 56.764973
387.226227 273.355589 87.149704 56.764973
394.017159 271.622705 84.153900 55.927792
396.626625 270.234388 83.928040 55.952747
396.626625 270.234388 83.928040 55.952747
396.626625 270.234388 83.928040 55.952747
396.626625 270.234388 83.928040 55.952747
408.672565 265.912148 81.585976 55.889694
408.672565 265.912148 81.585976 55.889694
414.591732 264.322714 80.149010 55.147480
407.489483 247.987537 96.473045 69.260109
407.489483 247.987537 96.473045 69.260109
407.489483 247.987537 96.473045 69.260109
422.403461 246.569807 83.792458 66.396015
422.403461 246.569807 83.792458 66.396015
428.969696 257.105701 76.069443 55.658028
449.423721 204.335373 68.073135 46.990921
447.274498 204.363165 70.761139 51.252583
442.182232 202.979736 75.334282 76.094208
443.377079 203.948935 69.255653 45.879780
442.880093 202.113827 71.062447 46.530907
442.880093 202.113827 71.062447 46.530907
442.880093 202.113827 71.062447 46.530907
437.495956 200.754215 70.739899 45.117241
437.495956 200.754215 70.739899 45.117241
437.495956 200.754215 70.739899 45.117241
437.495956 200.754215 70.739899 45.117241
429.569626 199.457977 70.886307 44.975784
429.569626 199.457977 70.886307 44.975784
429.569626 199.457977 70.886307 44.975784
423.858814 196.768312 70.031868 45.441601
423.858814 196.768312 70.031868 45.441601
423.858814 196.768312 70.031868 45.441601
423.858814 196.768312 70.031868 45.441601
423.858814 196.768312 70.031868 45.441601
411.736172 195.291609 78.358986 48.685658
412.176350 193.661352 70.585030 48.104023
407.367607 194.382082 78.364456 49.460552
381.100647 159.946438 155.635590 102.808205
381.100647 159.946438 155.635590 102.808205
381.100647 159.946438 155.635590 102.808205
381.100647 159.946438 155.635590 102.808205
309.394909 289.914444 97.029305 57.534973
314.530327 288.794422 96.224808 57.027611
314.530327 288.794422 96.224808 57.027611
322.026367 286.844080 94.098724 56.070843
322.026367 286.844080 94.098724 56.070843
322.026367 286.844080 94.098724 56.070843
333.601429 283.574337 90.814537 55.259438
337.027691 281.780615 90.650490 55.483387
341.602264 280.321560 89.427032 55.450447
345.214909 279.939606 88.391869 54.911255
348.654549 278.737871 87.315445 54.955898
348.654549 278.737871 87.315445 54.955898
348.654549 278.737871 87.315445 54.955898
348.654549 278.737871 87.315445 54.955898
359.426399 272.544910 86.042831 54.080956
363.678490 273.032072 84.395248 53.313633
365.943367 270.901888 84.445053 54.969921
365.943367 270.901888 84.445053 54.969921
365.943367 270.901888 84.445053 54.969921
375.532379 268.529648 81.100128 53.175735
377.350407 266.958817 82.022652 53.370605
380.915733 266.989782 80.200867 52.923893
383.521851 265.849941 79.821747 52.885658
383.521851 265.849941 79.821747 52.885658
383.521851 265.849941 79.821747 52.885658
383.521851 265.849941 79.821747 52.885658
383.521851 265.849941 79.821747 52.885658
397.892147 261.462994 75.582161 50.528847
400.053867 260.872293 75.730995 50.801861
400.053867 260.872293 75.730995 50.801861
404.516449 258.585047 74.369080 51.351101
406.579624 257.252188 74.699409 51.078785
409.323643 256.832958 74.334618 51.043694
409.323643 256.832958 74.334618 51.043694
409.323643 256.832958 74.334618 51.043694
414.327915 253.327517 71.514946 50.032436
416.014072 252.641909 71.629768 51.021786
419.962395 251.586992 72.487793 53.346111
422.919617 252.988520 69.336166 49.604534
425.506493 253.023821 68.296524 49.412899
427.045105 252.269720 67.963516 49.376240
427.708130 248.154797 69.200638 52.437950
429.485668 249.266726 67.349098 50.299465
431.367008 247.036715 67.932838 51.278805
434.330215 248.293459 64.680237 48.301449
431.398151 224.082623 75.036598 71.384270
437.261824 246.193302 65.235767 49.092476
433.046391 234.505754 73.329826 61.723339
440.282997 213.651760 65.891586 72.694603
441.203270 244.409395 63.768631 49.536877
442.083923 243.467485 63.481323 49.202755
442.635366 240.012711 63.385746 51.950302
444.236912 225.096609 63.407524 65.988377
445.588726 238.526834 63.375145 52.194546
446.991697 239.160341 63.091328 51.243496
447.467428 238.195194 61.610508 51.148766
448.171736 233.680298 61.659565 54.886230
435.070162 204.604273 56.937420 42.870663
432.976135 204.956621 56.931168 42.296093
432.000914 205.244980 57.969135 42.565704
431.204769 205.306734 58.023964 42.982738
