155.500000 155.500000 160.000000 160.000000
146.758362 280.115973 137.947052 52.921955
146.758362 280.115973 137.947052 52.921955
144.154259 280.030018 136.966599 53.505363
144.154259 280.030018 136.966599 53.505363
151.685101 283.514771 128.548286 52.596497
151.685101 283.514771 128.548286 52.596497
153.662178 290.646368 132.251938 53.006367
157.348778 295.325752 130.570755 52.165726
159.325935 298.984781 130.943619 51.021618
159.325935 298.984781 130.943619 51.021618
159.325935 298.984781 130.943619 51.021618
160.061111 302.474033 133.915680 51.493828
160.061111 302.474033 133.915680 51.493828
159.286366 298.627663 128.907524 51.176712
159.286366 298.627663 128.907524 51.176712
158.717133 299.540899 127.792023 53.022205
136.842056 297.018194 155.093842 60.852070
173.193935 314.497206 113.249519 51.857975
173.193935 314.497206 113.249519 51.857975
165.473042 324.729778 124.241203 53.280769
166.861553 328.341682 120.378822 53.692734
166.861553 328.341682 120.378822 53.692734
166.988491 333.917088 118.932350 54.683708
164.245174 336.374298 123.364510 53.552521
164.245174 336.374298 123.364510 53.552521
164.245174 336.374298 123.364510 53.552521
162.543880 342.603823 118.103889 54.298641
162.543880 342.603823 118.103889 54.298641
143.840996 346.628397 135.475662 53.967175
143.840996 346.628397 135.475662 53.967175
145.317757 351.013479 131.061630 52.422291
147.443001 351.566504 129.257614 52.207417
149.029961 353.120285 127.013443 50.490784
151.824909 354.100380 124.420830 51.038193
165.518669 352.228195 110.603317 52.758179
165.518669 352.228195 110.603317 52.758179
171.768360 349.660877 113.208519 52.620659
166.418064 348.520767 119.763756 51.670563
166.418064 348.520767 119.763756 51.670563
169.611797 348.522066 118.803627 49.950283
180.786041 346.133808 109.545319 51.429008
185.680096 345.467621 105.893318 50.779358
188.439457 343.236034 108.611870 51.214943
179.256760 340.892986 116.882690 50.902931
179.256760 340.892986 116.882690 50.902931
179.256760 340.892986 116.882690 50.902931
179.256760 340.892986 116.882690 50.902931
195.087280 332.521477 107.105225 52.123520
195.256374 330.599323 104.166023 52.123650
195.301960 328.789562 102.736565 52.291725
180.475517 328.087156 113.005539 50.457920
176.984612 325.979565 113.959793 50.308266
176.299057 324.428661 112.748566 50.147682
189.835094 322.569492 101.618568 52.457481
184.330471 322.933949 103.330696 51.430260
184.149597 322.237389 105.544525 52.364365
184.149597 322.237389 105.544525 52.364365
184.149597 322.237389 105.544525 52.364365
176.022812 320.260170 107.359436 54.153610
171.218288 321.832336 104.293343 49.956421
171.218288 321.832336 104.293343 49.956421
180.027142 320.714270 101.285957 53.865650
172.070969 321.985508 98.637299 49.111870
169.337040 319.965931 100.796013 49.998314
169.337040 319.965931 100.796013 49.998314
169.453003 319.927315 94.626770 49.541824
173.393906 317.222643 98.205566 53.543087
173.975060 318.162312 92.953690 50.628166
175.857761 317.047211 95.329521 53.596313
170.829819 316.418486 92.983398 50.143528
173.012001 316.822319 89.753799 49.273666
173.012001 316.822319 89.753799 49.273666
176.891579 313.771307 98.328506 54.151508
184.174297 310.679819 88.453377 55.067944
183.020226 313.040550 85.250198 48.558029
185.548439 311.902258 81.384186 48.095554
189.847969 311.013613 80.067566 47.874859
191.160213 306.630064 94.567024 54.378544
201.658970 308.155663 74.739586 50.045944
202.503670 300.704071 82.941574 56.451233
208.520950 301.176922 131.207611 53.416145
149.492073 269.992794 201.887375 122.015175
228.062588 298.484848 81.098640 45.186707
229.003304 291.180822 69.372482 47.875172
234.492828 280.825712 80.890778 55.604374
234.492828 280.825712 80.890778 55.604374
248.552521 277.667587 140.612854 53.006424
252.220055 270.213274 170.150558 59.844707
367.693893 307.370071 62.927612 43.522873
297.771809 268.319063 119.982140 60.105770
325.945042 261.730335 117.415001 54.739464
369.517723 303.835903 60.435349 43.296547
369.517723 303.835903 60.435349 43.296547
363.585838 270.627886 71.291519 61.652294
370.656456 301.155952 59.365005 43.399506
370.656456 301.155952 59.365005 43.399506
370.656456 301.155952 59.365005 43.399506
358.508167 253.053143 105.154152 50.677612
366.472759 290.886097 61.501900 43.919937
366.472759 290.886097 61.501900 43.919937
365.341734 283.584581 60.055195 44.204990
364.830044 284.815588 59.941582 42.383434
325.931053 245.900742 119.343384 62.386604
287.093786 257.570534 51.454304 47.561943
285.590576 247.668882 88.175049 57.569439
363.900902 282.589710 61.634811 41.488312
360.989338 262.241686 103.883995 59.464710
360.989338 262.241686 103.883995 59.464710
366.740904 286.248484 62.076054 44.286625
362.829956 249.707863 117.896393 51.214638
359.326508 248.423889 133.387451 57.165489
359.326508 248.423889 133.387451 57.165489
359.326508 248.423889 133.387451 57.165489
383.271378 243.485832 123.986328 53.561806
375.780045 278.366833 62.782303 47.135681
375.780045 278.366833 62.782303 47.135681
320.114683 257.705671 61.994511 43.521542
320.114683 257.705671 61.994511 43.521542
330.128242 258.004759 113.616653 49.627361
330.128242 258.004759 113.616653 49.627361
335.932693 235.652262 162.756500 65.755329
335.932693 235.652262 162.756500 65.755329
322.673836 256.795565 98.717758 49.480564
322.394440 252.943302 121.868500 50.436676
348.235596 261.519053 97.850159 46.415607
312.688141 252.443483 108.954147 52.517612
312.688141 252.443483 108.954147 52.517612
338.389862 258.495520 105.983200 43.411861
338.389862 258.495520 105.983200 43.411861
359.466227 275.367640 58.919674 47.044514
304.732399 251.756165 94.773605 49.132393
308.108189 256.158453 97.844048 43.246334
308.108189 256.158453 97.844048 43.246334
308.108189 256.158453 97.844048 43.246334
351.452576 279.155418 59.466461 40.703453
351.452576 279.155418 59.466461 40.703453
299.227669 248.648893 87.827744 49.214214
343.775463 274.789957 61.762856 42.468586
343.775463 274.789957 61.762856 42.468586
362.560419 284.368345 42.209270 29.404903
361.222664 287.461568 43.184792 23.150816
359.093533 289.203286 43.920090 19.970762
351.522747 292.700700 48.863724 16.854901
335.635321 269.138029 43.950733 27.659328
335.635321 269.138029 43.950733 27.659328
300.976921 265.627792 69.789749 34.704552
298.208721 267.020126 89.808281 39.035210
301.761147 268.185386 87.672195 33.942911
301.761147 268.185386 87.672195 33.942911
301.441788 268.023294 80.322113 35.477451
299.773087 268.327621 89.682205 38.109047
297.871189 265.254017 89.329338 44.513229
292.722065 263.724529 97.026344 46.654648
292.722065 263.724529 97.026344 46.654648
289.568092 261.351362 92.040283 46.504528
289.568092 261.351362 92.040283 46.504528
290.065903 259.999043 88.040421 44.980072
290.065903 259.999043 88.040421 44.980072
302.605137 258.734159 102.348122 40.307278
289.703556 256.392654 82.140770 42.605263
289.703556 256.392654 82.140770 42.605263
308.015507 258.224901 96.875603 38.201237
311.206131 258.855988 95.326279 43.430733
280.710667 254.814690 89.195747 45.373955
280.710667 254.814690 89.195747 45.373955
280.710667 254.814690 89.195747 45.373955
280.206421 253.791105 89.898224 45.569454
280.206421 253.791105 89.898224 45.569454
284.637619 253.965002 107.182526 48.805019
277.225883 256.018574 97.919907 47.868744
234.020185 296.890123 62.337818 44.290440
254.983900 298.172234 54.356724 40.353310
262.280787 294.124144 58.308865 43.469387
272.500191 254.717659 99.906815 45.980881
270.516033 253.374462 106.349037 50.524483
270.516033 253.374462 106.349037 50.524483
270.516033 253.374462 106.349037 50.524483
270.516033 253.374462 106.349037 50.524483
286.599247 256.520475 90.290245 46.173466
284.577923 256.960825 106.549812 48.066448
298.400452 276.536575 104.708618 44.924713
298.400452 276.536575 104.708618 44.924713
298.400452 276.536575 104.708618 44.924713
246.347630 267.363350 113.437370 44.095337
265.786186 256.261623 119.659653 49.329185
265.786186 256.261623 119.659653 49.329185
265.786186 256.261623 119.659653 49.329185
234.182705 270.201628 111.386452 41.223103
271.648407 257.185995 114.116089 47.083851
259.370373 256.071291 124.074867 49.626186
265.751045 258.076950 116.161728 47.817352
265.229828 257.305769 113.946960 46.890141
266.521160 255.879400 115.296913 46.889179
271.922394 255.959288 108.698761 44.739475
271.922394 255.959288 108.698761 44.739475
271.934563 255.048742 110.645584 46.138264
271.934563 255.048742 110.645584 46.138264
277.148842 255.761635 83.038452 42.612869
285.413265 261.764851 129.467949 37.410866
285.413265 261.764851 129.467949 37.410866
286.967869 259.260092 108.332451 38.865665
314.516945 256.792646 142.628098 44.579975
280.175034 252.676788 98.530823 45.516434
280.175034 252.676788 98.530823 45.516434
283.503952 248.668325 96.584778 45.154026
283.503952 248.668325 96.584778 45.154026
284.503487 246.941248 100.719284 45.965359
285.699158 245.966946 100.372467 46.021446
289.513103 245.126047 94.638191 43.862255
290.220196 241.079092 99.150307 48.001133
295.656410 242.704124 134.941666 49.307922
295.656410 242.704124 134.941666 49.307922
296.083778 242.071199 121.418503 45.967327
288.224602 246.587517 89.336243 42.400970
288.224602 246.587517 89.336243 42.400970
288.224602 246.587517 89.336243 42.400970
288.311260 245.186020 101.597984 41.118271
289.942352 248.601927 91.949432 38.926212
284.842644 242.978273 99.353546 48.141155
285.315269 245.570929 83.092789 42.793552
285.315269 245.570929 83.092789 42.793552
281.518280 244.086071 94.137253 46.028221
282.091141 245.699152 82.167847 41.212566
274.971443 243.777782 100.446762 44.522987
274.971443 243.777782 100.446762 44.522987
219.668007 249.707018 141.145096 45.129726
175.272507 251.715467 180.576782 51.772068
284.613972 242.599644 84.975822 35.724785
282.117680 242.805733 78.046425 37.249603
282.117680 242.805733 78.046425 37.249603
282.117680 242.805733 78.046425 37.249603
301.831497 236.560978 100.097366 45.320534
301.831497 236.560978 100.097366 45.320534
233.233795 251.292147 166.937698 63.826214
233.233795 251.292147 166.937698 63.826214
253.960281 249.130480 176.184769 46.736767
246.109482 252.380880 172.630264 63.599522
266.461037 249.754416 171.947113 57.181614
282.919533 251.318256 164.616882 64.476021
285.446777 244.583578 102.469803 40.180241
285.446777 244.583578 102.469803 40.180241
312.111900 252.176264 137.875397 53.614651
267.822212 241.882460 90.667099 43.203419
269.388844 242.654446 87.824471 43.519112
272.156776 244.993425 76.328979 40.465069
271.433159 246.713539 76.720718 39.746750
259.805885 254.541904 134.951843 58.254570
269.108295 242.218203 103.924416 45.320766
266.918167 241.522257 104.796585 45.691357
266.918167 241.522257 104.796585 45.691357
273.317719 239.914829 104.924393 46.404900
273.317719 239.914829 104.924393 46.404900
261.676926 237.681709 112.288559 46.528580
309.982437 241.515944 89.633530 46.154758
259.746452 237.341051 118.989594 51.361187
318.286613 257.392496 74.018982 47.975674
318.286613 257.392496 74.018982 47.975674
264.714748 237.457825 114.253014 49.061432
319.643049 255.588364 62.369465 50.818146
322.261618 245.307829 60.171238 53.332691
322.871010 263.334602 55.953979 41.239761
324.195637 259.986634 54.618248 30.705153
324.435158 263.458023 52.086639 38.444427
274.198845 243.176159 70.902122 38.716629
274.198845 243.176159 70.902122 38.716629
274.198845 243.176159 70.902122 38.716629
274.198845 243.176159 70.902122 38.716629
274.198845 243.176159 70.902122 38.716629
226.119305 258.409037 115.485825 42.894703
269.938751 238.938942 106.839699 54.027046
292.764015 239.104904 94.984825 53.688316
292.764015 239.104904 94.984825 53.688316
292.764015 239.104904 94.984825 53.688316
292.764015 239.104904 94.984825 53.688316
255.220207 258.520597 108.117805 35.347439
255.220207 258.520597 108.117805 35.347439
255.220207 258.520597 108.117805 35.347439
255.220207 258.520597 108.117805 35.347439
207.248158 250.932024 168.674301 55.037174
203.528080 245.967712 215.262833 68.815834
203.528080 245.967712 215.262833 68.815834
216.842876 233.820267 168.628418 49.455238
224.154980 253.743547 190.094635 53.634251
223.158535 250.636211 164.162292 59.688004
223.158535 250.636211 164.162292 59.688004
245.819561 250.030354 182.067535 45.174744
235.237568 247.657787 168.646194 60.778366
249.573589 252.493740 210.676819 54.876236
242.860432 256.075472 158.760422 53.284519
266.926266 250.763557 142.549805 58.132652
247.202290 252.530001 167.745468 54.324284
187.212597 244.470852 240.463806 69.328506
187.212597 244.470852 240.463806 69.328506
259.893009 247.783432 143.397659 57.370033
271.005829 248.250246 115.114891 46.734348
271.005829 248.250246 115.114891 46.734348
212.783604 230.602711 175.931061 77.407562
192.468235 238.343483 166.842438 47.962120
192.468235 238.343483 166.842438 47.962120
205.298260 251.746695 143.480484 62.490566
181.144711 246.385303 177.073898 67.663269
140.738064 241.834263 211.129837 73.170624
103.290318 238.058434 203.950378 79.636528
134.786022 240.403673 173.806137 53.589207
228.402523 253.129686 144.172134 65.879856
137.750706 242.128868 246.727417 76.629051
152.764729 242.668480 273.659088 79.541405
152.764729 242.668480 273.659088 79.541405
152.764729 242.668480 273.659088 79.541405
272.287151 250.924629 227.345688 63.664177
260.051807 254.620512 192.868927 63.669811
279.349865 255.075674 175.545914 63.770840
230.367611 246.636196 224.319595 76.412338
246.105785 248.544216 215.938828 74.415787
278.633503 249.978573 191.561127 67.578415
270.255054 247.795097 198.339783 73.928185
270.255054 247.795097 198.339783 73.928185
292.001675 248.518661 192.847885 73.342903
306.682781 248.662148 178.033157 72.300102
316.322353 248.265865 191.803970 73.830246
316.322353 248.265865 191.803970 73.830246
339.948513 246.801792 173.693253 74.940582
339.948513 246.801792 173.693253 74.940582
367.292416 251.253407 152.496414 65.495697
370.676296 247.296528 173.801773 73.465302
372.621342 246.030972 179.317902 73.876602
377.292568 245.405407 188.460892 74.415390
394.241634 247.501289 177.329819 72.689293
415.020000 250.886826 168.480000 68.463905
392.622458 244.413301 189.527588 66.854771
437.305067 249.370800 146.194933 69.141891
383.287139 245.467144 146.956100 55.225601
468.386691 252.984404 115.113309 66.426769
468.386691 252.984404 115.113309 66.426769
468.386691 252.984404 115.113309 66.426769
395.498163 246.170313 174.446075 65.093891
395.498163 246.170313 174.446075 65.093891
395.498163 246.170313 174.446075 65.093891
395.498163 246.170313 174.446075 65.093891
325.402894 251.653549 193.141068 62.079872
260.959535 252.621630 183.905075 53.457767
188.538988 258.566055 215.195267 69.868507
146.036012 247.409925 145.758713 43.544292
214.033433 268.498781 157.620255 57.898380
214.033433 268.498781 157.620255 57.898380
214.033433 268.498781 157.620255 57.898380
214.033433 268.498781 157.620255 57.898380
268.991159 265.783878 141.840271 44.132721
250.851778 263.703526 217.631424 71.058960
241.427698 261.798552 168.378693 49.433331
229.831125 260.837418 162.499664 49.896950
294.168519 265.180126 143.182297 49.426620
296.425951 262.630989 220.595810 71.330376
316.709497 264.560196 199.936371 67.119545
316.709497 264.560196 199.936371 67.119545
316.709497 264.560196 199.936371 67.119545
316.709497 264.560196 199.936371 67.119545
357.438951 261.460533 204.415817 67.148766
382.604692 260.362770 184.890182 66.215630
375.238779 273.466135 206.429474 64.737873
405.227785 262.462061 166.736374 53.470661
400.495950 264.769096 182.415344 63.429832
409.600694 262.964914 169.476578 64.193226
409.600694 262.964914 169.476578 64.193226
430.689390 270.565010 110.026115 56.840446
417.796915 272.816080 137.122803 43.963581
440.038461 266.011684 136.655334 48.761398
464.599061 272.873486 118.900939 53.905472
404.403710 259.822651 149.952545 50.484222
401.444932 265.939566 176.299088 49.361721
401.444932 265.939566 176.299088 49.361721
401.444932 265.939566 176.299088 49.361721
396.959382 267.314957 144.895493 46.216103
390.823357 271.052534 170.561096 46.035534
485.705399 263.295355 97.794601 54.713100
485.705399 263.295355 97.794601 54.713100
485.705399 263.295355 97.794601 54.713100
473.297947 270.647202 100.876503 41.595619
495.061249 266.448099 88.438751 54.162937
495.229283 265.661301 88.270717 53.128868
498.863775 265.461349 84.636225 54.728477
461.417625 260.486513 95.463249 47.748951
461.417625 260.486513 95.463249 47.748951
463.092105 263.130165 111.889404 71.962135
396.329684 247.738113 163.234741 73.125877
396.329684 247.738113 163.234741 73.125877
277.905360 254.389671 245.164749 88.829811
277.905360 254.389671 245.164749 88.829811
312.186343 253.077999 223.536011 84.950226
328.375003 257.472271 214.502869 79.603027
329.544620 259.069336 219.106995 67.306419
329.544620 259.069336 219.106995 67.306419
373.861430 260.946484 204.702988 74.407806
373.861430 260.946484 204.702988 74.407806
396.995654 255.531025 185.562775 80.315903
396.995654 255.531025 185.562775 80.315903
350.217097 253.545925 199.991776 75.147797
430.791530 254.872192 150.082596 78.625816
443.300677 262.183311 140.199323 79.055092
450.809930 255.349300 101.262268 77.467896
450.809930 255.349300 101.262268 77.467896
450.809930 255.349300 101.262268 77.467896
412.545290 270.913315 95.804184 45.135002
390.985178 264.284962 150.631958 57.493057
365.651475 269.663891 217.848525 62.553955
395.188458 273.616467 89.537651 41.837341
374.972054 271.942303 106.971405 34.150864
372.222943 272.352734 112.682732 40.019379
289.517277 254.910007 139.892944 45.414963
361.651032 266.418293 108.873085 48.967728
353.808072 266.400728 104.826126 46.750629
345.969960 265.650944 110.323639 48.229630
345.969960 265.650944 110.323639 48.229630
324.547086 260.776167 131.387985 50.822720
308.264134 258.653982 140.488770 51.009075
308.264134 258.653982 140.488770 51.009075
259.519711 261.810253 126.364075 40.905670
274.500775 263.260521 123.575195 37.797798
294.463998 266.502363 119.893867 36.732876
301.870831 267.906502 136.879669 37.316765
293.679700 262.849892 113.102325 44.098564
293.560643 267.413387 147.432541 44.941483
293.560643 267.413387 147.432541 44.941483
304.349011 268.676188 160.153748 45.307880
304.349011 268.676188 160.153748 45.307880
225.158772 262.012663 137.306854 55.448986
225.158772 262.012663 137.306854 55.448986
203.342530 271.267307 115.158394 46.222137
203.342530 271.267307 115.158394 46.222137
180.772042 269.544493 114.485512 49.332500
139.834454 266.491564 145.861374 46.978733
169.057191 273.437498 99.679909 42.728832
158.357857 269.375971 104.310112 48.961826
134.365567 269.235359 105.760254 45.330910
134.365567 269.235359 105.760254 45.330910
138.999039 223.023895 117.398064 49.446571
39.685757 257.150663 143.963089 53.685375
65.132161 259.827793 168.746429 49.013428
65.132161 259.827793 168.746429 49.013428
120.661732 231.331623 194.068542 58.722992
67.422658 257.701189 161.667480 56.018772
69.116246 258.935936 196.770111 60.078606
69.116246 258.935936 196.770111 60.078606
147.700902 261.198540 197.823761 57.368767
137.295956 266.290264 198.885818 53.965317
147.956448 266.680527 189.197250 52.767525
52.912305 246.962719 205.137558 78.083359
-1.500000 261.019691 79.208970 55.981773
3.782074 260.408377 119.095047 56.575893
3.782074 260.408377 119.095047 56.575893
79.187127 220.443874 145.631500 57.794067
56.980751 218.063709 171.928619 85.939499
-1.500000 274.869129 237.113610 114.375412
36.793858 262.647120 157.666092 58.021152
53.544110 249.404207 181.848175 60.498096
59.353214 257.849594 194.265732 76.026878
59.353214 257.849594 194.265732 76.026878
59.042072 265.924049 145.775467 52.964027
59.042072 265.924049 145.775467 52.964027
107.966442 212.498793 177.790405 57.956676
67.035832 253.296309 146.571487 49.703320
79.258900 247.847643 135.240372 46.075443
90.001084 252.157392 113.853355 34.170790
93.969898 241.850660 104.578949 45.816311
90.257660 249.558803 119.761818 32.475954
66.395764 261.722225 160.530563 55.393707
60.011616 261.869186 165.078186 53.578697
60.011616 261.869186 165.078186 53.578697
106.605671 247.634743 108.600372 36.771492
104.159142 251.311595 107.298073 34.150652
105.757282 254.269419 101.097717 43.095875
75.920483 259.815382 161.436707 58.213879
75.920483 259.815382 161.436707 58.213879
111.488323 245.332094 103.733246 36.768284
111.488323 245.332094 103.733246 36.768284
81.846523 257.464005 166.953156 60.234169
81.528340 262.297195 165.411087 52.635994
81.528546 257.793392 179.068176 56.932755
114.695156 252.927109 167.620697 47.254005
113.522167 256.959602 132.363342 40.846977
106.392544 260.181993 123.673828 37.744541
85.122601 261.593498 171.687073 59.837975
85.122601 261.593498 171.687073 59.837975
77.775425 262.399412 179.797256 56.552105
157.719578 252.116663 184.367203 53.489307
157.719578 252.116663 184.367203 53.489307
129.081677 255.594046 146.370026 47.647121
78.390339 256.744413 195.206985 62.789898
134.571629 258.019556 158.232681 46.956409
133.865566 255.427319 127.609497 45.952469
130.660855 260.530432 123.163818 37.501003
140.213436 262.559235 122.042328 35.686836
140.213436 262.559235 122.042328 35.686836
112.402325 259.559505 165.797394 62.857803
112.402325 259.559505 165.797394 62.857803
119.678692 262.338346 138.837067 59.222332
49.898991 263.646164 171.286636 59.250740
38.666943 265.130968 147.149323 60.042728
32.480984 230.415703 244.953644 84.742302
134.475384 236.258154 176.281738 53.109402
140.024937 254.403255 128.340561 40.835861
140.024937 254.403255 128.340561 40.835861
140.024937 254.403255 128.340561 40.835861
89.560139 254.042286 141.512558 64.303131
124.466503 253.966125 167.342010 43.239998
53.614201 257.818771 154.525848 53.597420
51.315899 259.078497 187.196762 66.412045
51.315899 259.078497 187.196762 66.412045
76.443493 260.520653 190.272324 64.611748
89.747921 263.043242 201.886612 63.036907
119.108326 249.887829 174.504974 56.969315
