182.500000 182.500000 187.000000 187.000000
182.164206 158.169380 27.139668 63.173172
184.087611 158.184452 25.849131 62.784966
183.726633 157.342346 25.683895 61.865143
183.721896 157.498310 25.911966 62.717216
182.896643 157.625370 26.483479 63.475655
182.394804 158.251244 27.355869 63.846695
182.245789 159.015589 28.901291 63.297253
181.436566 159.099787 30.307531 62.997356
180.337823 158.762917 30.734968 63.180191
180.047026 159.788713 31.097401 63.169491
180.107413 159.404560 31.104982 63.374474
179.986072 159.345604 30.421259 63.375519
180.247317 159.429209 29.135752 63.102657
181.684116 160.184715 28.936714 63.604294
181.470490 159.133415 27.959671 64.099808
181.064240 157.724039 28.003098 64.577816
179.929305 157.864483 27.452654 63.684288
179.222643 158.562506 27.596127 63.599339
177.323790 158.680689 28.603931 63.739208
175.417594 158.560331 29.367250 63.106846
174.198294 159.596472 32.809803 63.340626
172.220263 159.678144 33.649317 63.469868
171.380299 159.515726 33.553963 63.574474
170.956714 159.326511 34.155512 63.813362
171.461987 158.741785 33.122656 64.276852
173.127063 158.888634 31.774179 63.878845
175.717770 158.598347 30.105125 62.960548
177.434637 158.890411 28.858723 62.502808
179.876124 158.148384 29.812403 62.813065
180.781367 158.672270 29.199228 62.146076
183.866090 157.799576 28.956709 62.996307
149.455416 159.365435 58.093815 62.154888
124.383547 161.922279 29.362324 55.466644
105.516010 159.048706 70.056000 66.719498
124.912329 162.832911 31.932125 56.445614
115.893661 156.270584 73.412529 67.101028
127.035705 162.829575 31.675714 56.903305
101.319069 156.472580 82.306099 70.717728
129.412552 160.919159 48.687431 58.811630
126.494211 161.703629 43.391132 59.389923
130.500164 160.794657 82.035080 64.116909
133.037580 162.973818 26.810957 57.312603
134.133390 159.505224 41.292721 60.950733
122.485184 156.399994 81.628639 71.405716
133.090281 162.853966 27.661732 56.946198
118.600845 160.029316 68.457146 68.487785
131.140225 163.209146 29.761808 56.861919
109.453346 161.574200 81.074821 70.107552
194.354938 160.231455 32.919374 60.872997
195.010098 159.657715 31.913572 62.025803
194.282971 159.441029 33.038008 62.571556
193.544743 159.649494 34.804016 63.504448
194.824443 161.111094 34.227541 62.964962
196.488148 161.267855 31.720413 62.497540
197.803644 162.011833 30.080982 61.513153
198.648407 161.329145 28.844139 62.132587
199.038871 161.200279 29.020517 61.900818
198.679571 159.673456 29.981167 63.541943
201.070107 160.478895 27.772484 63.297825
202.269671 159.444468 27.619295 63.777294
201.254353 159.489204 28.885147 63.383118
201.420938 159.705366 30.501547 62.686619
201.419789 160.097557 31.493498 62.168762
200.641243 160.348150 32.840996 62.101521
200.805491 161.441189 34.038546 62.495201
200.907974 160.966230 34.930931 62.163166
202.093520 161.875925 34.224085 61.478710
202.267055 159.599810 34.041979 63.766979
205.446385 160.862619 31.805021 62.294323
208.962985 159.146425 28.977861 62.796062
209.979999 157.928549 29.128618 64.234547
210.487377 157.765202 27.249252 64.583977
210.694160 156.957121 27.690346 64.547855
210.451597 157.582308 27.966320 64.346157
210.836883 157.535515 28.044214 63.956604
210.028021 157.056540 30.045376 63.645725
209.040229 157.175356 31.173395 63.362667
208.608592 157.872711 32.009706 63.240967
207.738993 158.177441 32.157154 62.547768
208.704065 157.855501 32.102619 61.907513
209.556942 159.076107 30.652222 60.575630
211.239771 159.463772 29.827595 60.820000
212.584747 157.930208 31.396950 61.543896
213.582504 157.114828 33.759239 62.228382
213.108983 156.529745 34.110411 62.985432
212.796398 155.916924 34.123444 63.411987
213.232405 156.036459 35.022579 63.471287
214.148540 156.505556 35.830688 63.445324
214.081244 156.177364 36.294460 63.236061
215.613506 156.683437 35.773544 62.571541
215.241741 157.675499 36.373901 62.589844
214.321407 157.874548 36.631210 62.848560
213.698887 157.670557 36.208755 62.770306
213.789841 156.495449 35.275078 62.464668
214.367229 156.048611 33.645828 63.210762
215.005279 155.948326 31.830042 62.930237
215.312644 156.320606 29.527475 62.655571
214.602951 155.648294 28.095512 62.868694
212.872375 155.573708 27.950708 63.389343
211.702170 156.049984 28.588877 62.870598
211.055370 156.042910 29.052689 62.818813
208.865345 157.057041 30.583221 62.678856
207.174095 157.299248 32.834068 62.476517
206.511721 157.885935 33.816547 61.844707
204.781030 157.136101 34.929831 62.644897
203.561060 156.762165 34.427250 61.974068
204.023229 156.792099 33.675901 61.846817
204.969170 157.937191 31.902229 59.839897
204.969170 157.937191 31.902229 59.839897
204.969170 157.937191 31.902229 59.839897
204.969170 157.937191 31.902229 59.839897
205.388727 158.632786 26.826252 60.538963
204.394907 159.277271 27.000462 60.863487
201.469609 159.150936 28.060453 60.475716
201.469609 159.150936 28.060453 60.475716
201.469609 159.150936 28.060453 60.475716
201.469609 159.150936 28.060453 60.475716
201.469609 159.150936 28.060453 60.475716
191.501461 159.663021 35.062622 59.737633
191.501461 159.663021 35.062622 59.737633
187.444622 160.093452 35.061615 59.269485
187.444622 160.093452 35.061615 59.269485
190.520201 158.027929 29.795162 59.659626
191.811427 157.210220 27.935274 60.850616
191.811427 157.210220 27.935274 60.850616
191.532439 155.157579 26.559732 61.463894
192.232081 155.712502 26.940691 61.513031
191.989660 156.213167 27.631359 61.797237
192.076132 156.097168 28.807339 61.231049
191.590587 155.931751 31.827852 60.914452
189.905312 157.200249 33.444695 59.571320
189.905312 157.200249 33.444695 59.571320
189.905312 157.200249 33.444695 59.571320
189.905312 157.200249 33.444695 59.571320
187.480639 155.789358 34.365055 59.461445
190.106600 153.974089 31.170628 60.762363
189.426758 153.643026 30.322075 61.002720
189.426758 153.643026 30.322075 61.002720
187.782741 150.838236 29.844896 62.026623
187.723321 151.510668 29.167898 60.975689
188.551394 150.397835 29.145267 62.693604
189.026131 152.309362 27.762321 61.037907
190.317698 153.245934 27.789539 59.388199
190.317698 153.245934 27.789539 59.388199
190.317698 153.245934 27.789539 59.388199
189.608065 154.693493 31.210590 61.399651
188.603838 155.206600 30.870533 60.874977
188.603838 155.206600 30.870533 60.874977
188.603838 155.206600 30.870533 60.874977
188.208057 155.887583 28.037628 60.797985
188.208057 155.887583 28.037628 60.797985
189.685171 155.835773 25.904278 61.019249
189.685171 155.835773 25.904278 61.019249
189.685171 155.835773 25.904278 61.019249
189.685171 155.835773 25.904278 61.019249
189.685171 155.835773 25.904278 61.019249
189.685171 155.835773 25.904278 61.019249
185.286179 158.517204 29.029259 61.256683
183.365173 158.548491 30.351906 60.638432
183.365173 158.548491 30.351906 60.638432
180.773379 159.005089 30.159807 60.001801
171.781534 158.782644 39.216236 59.594471
171.781534 158.782644 39.216236 59.594471
180.091657 158.131912 28.511671 59.591522
177.941383 158.709215 29.212944 59.191921
177.941383 158.709215 29.212944 59.191921
177.941383 158.709215 29.212944 59.191921
175.435489 158.758137 27.295382 59.660469
153.824274 160.526073 43.848141 57.292732
153.824274 160.526073 43.848141 57.292732
153.824274 160.526073 43.848141 57.292732
115.160575 160.365747 28.150194 55.799648
114.960791 161.851612 27.948887 54.481636
115.211235 162.266058 27.695877 53.098118
114.126714 161.936949 27.938025 53.881016
114.126714 161.936949 27.938025 53.881016
114.126714 161.936949 27.938025 53.881016
114.126714 161.936949 27.938025 53.881016
80.214344 158.118204 75.906044 66.430386
80.214344 158.118204 75.906044 66.430386
164.446745 159.529156 27.423817 62.321831
164.446745 159.529156 27.423817 62.321831
164.446745 159.529156 27.423817 62.321831
164.446745 159.529156 27.423817 62.321831
165.078718 159.212843 26.565617 60.510746
165.078718 159.212843 26.565617 60.510746
167.375369 159.359850 24.994761 59.692684
167.375369 159.359850 24.994761 59.692684
167.375369 159.359850 24.994761 59.692684
167.375369 159.359850 24.994761 59.692684
169.914960 159.848955 24.817129 58.927715
169.914960 159.848955 24.817129 58.927715
171.959333 160.454792 25.826542 59.187279
172.044162 160.744001 26.719080 57.892292
172.161242 160.790474 28.252115 58.339890
172.862709 160.517462 29.410568 58.332890
156.770550 160.475945 43.009346 57.788147
174.416470 160.749153 30.994270 58.804260
139.502448 160.407791 27.451029 59.655960
177.037015 159.199478 31.194563 59.513092
142.198415 160.804241 27.445318 59.408638
180.148610 159.532475 29.329382 59.306313
180.148610 159.532475 29.329382 59.306313
180.701047 159.540524 27.331564 58.688515
180.701047 159.540524 27.331564 58.688515
180.701047 159.540524 27.331564 58.688515
181.392518 159.921406 25.924345 59.180229
181.392518 159.921406 25.924345 59.180229
181.626960 159.584616 26.650362 59.014881
181.626960 159.584616 26.650362 59.014881
179.970316 160.086739 28.637936 59.575134
180.466063 160.659861 28.287188 59.082699
180.466063 160.659861 28.287188 59.082699
181.461794 159.646507 28.373409 59.452347
181.461794 159.646507 28.373409 59.452347
181.461794 159.646507 28.373409 59.452347
182.639573 161.345776 27.094389 59.096886
182.639573 161.345776 27.094389 59.096886
182.835909 160.228939 27.463009 59.307274
182.835909 160.228939 27.463009 59.307274
182.835909 160.228939 27.463009 59.307274
183.151739 161.077164 26.550449 58.446732
183.678124 159.793398 25.861891 59.052349
183.678124 159.793398 25.861891 59.052349
183.678124 159.793398 25.861891 59.052349
183.678124 159.793398 25.861891 59.052349
186.035277 160.367950 25.278917 58.978714
185.327522 160.109037 26.371338 58.948215
187.733797 159.342825 25.890545 59.195332
187.733797 159.342825 25.890545 59.195332
187.733797 159.342825 25.890545 59.195332
174.180670 160.510756 35.467388 58.355900
174.180670 160.510756 35.467388 58.355900
174.180670 160.510756 35.467388 58.355900
189.007660 159.090700 26.581017 58.958843
189.007660 159.090700 26.581017 58.958843
189.007660 159.090700 26.581017 58.958843
189.007660 159.090700 26.581017 58.958843
190.896948 154.413935 26.669186 59.952190
174.905241 155.991255 36.858105 58.066181
174.905241 155.991255 36.858105 58.066181
174.905241 155.991255 36.858105 58.066181
174.905241 155.991255 36.858105 58.066181
174.905241 155.991255 36.858105 58.066181
174.905241 155.991255 36.858105 58.066181
174.905241 155.991255 36.858105 58.066181
174.905241 155.991255 36.858105 58.066181
178.278145 150.276575 27.521843 58.711056
178.278145 150.276575 27.521843 58.711056
178.278145 150.276575 27.521843 58.711056
178.278145 150.276575 27.521843 58.711056
178.278145 150.276575 27.521843 58.711056
178.278145 150.276575 27.521843 58.711056
178.278145 150.276575 27.521843 58.711056
181.986890 152.064095 34.327314 55.583466
181.986890 152.064095 34.327314 55.583466
186.895793 152.244066 28.548876 55.913036
186.895793 152.244066 28.548876 55.913036
184.764114 152.957674 27.675591 55.117413
184.764114 152.957674 27.675591 55.117413
184.610754 152.728773 25.850430 54.944477
182.787785 153.574020 27.040817 54.917770
182.787785 153.574020 27.040817 54.917770
183.683747 154.230824 24.934454 54.494133
181.143024 153.244795 26.040497 55.498631
181.143024 153.244795 26.040497 55.498631
181.617365 152.629398 26.485661 55.549919
181.307999 152.312851 26.469307 55.611694
179.735256 151.906771 26.979446 55.501705
179.735256 151.906771 26.979446 55.501705
177.871393 150.831440 28.098316 56.737541
176.929317 150.318480 28.634827 57.439381
176.929317 150.318480 28.634827 57.439381
176.929317 150.318480 28.634827 57.439381
176.929317 150.318480 28.634827 57.439381
176.929317 150.318480 28.634827 57.439381
171.370848 149.748613 30.727139 57.421062
169.102799 149.741457 30.524755 57.628551
169.102799 149.741457 30.524755 57.628551
167.000575 148.653702 31.327990 57.741257
167.000575 148.653702 31.327990 57.741257
167.000575 148.653702 31.327990 57.741257
167.238350 149.480932 29.278358 56.891209
167.238350 149.480932 29.278358 56.891209
167.623405 150.745314 28.444221 56.928394
167.170798 150.061085 28.072565 56.621758
167.170798 150.061085 28.072565 56.621758
167.170798 150.061085 28.072565 56.621758
167.170798 150.061085 28.072565 56.621758
168.932926 150.016060 26.132843 57.069763
168.932926 150.016060 26.132843 57.069763
169.962859 150.304728 26.329706 56.760387
169.985752 150.418829 27.135284 56.796284
169.985752 150.418829 27.135284 56.796284
169.985752 150.418829 27.135284 56.796284
169.985752 150.418829 27.135284 56.796284
171.318073 150.334829 28.198914 57.253742
171.318073 150.334829 28.198914 57.253742
172.986423 150.353922 27.603806 57.082989
173.327785 150.673847 27.688005 57.400002
174.194012 151.169666 27.008072 56.957253
175.759495 152.316866 26.085724 55.473248
175.759495 152.316866 26.085724 55.473248
178.878458 152.810110 24.877110 55.722889
178.878458 152.810110 24.877110 55.722889
178.878458 152.810110 24.877110 55.722889
183.007724 152.050478 25.773531 56.187969
182.266703 152.764124 26.563923 55.886654
181.932790 152.163019 27.413542 55.937679
182.325362 152.714373 29.212564 55.970837
182.325362 152.714373 29.212564 55.970837
182.325362 152.714373 29.212564 55.970837
183.944267 153.756720 30.386574 54.918873
183.944267 153.756720 30.386574 54.918873
184.847795 153.398514 29.901358 55.263565
184.847795 153.398514 29.901358 55.263565
188.931054 151.446865 27.028631 57.091942
189.397455 149.012840 26.690418 55.527451
189.397455 149.012840 26.690418 55.527451
189.397455 149.012840 26.690418 55.527451
181.213045 150.081627 36.337879 55.094086
181.213045 150.081627 36.337879 55.094086
125.611401 152.527048 82.978142 55.487972
138.186598 154.504669 31.687519 56.137833
138.472094 154.883741 31.275967 55.581562
122.691572 151.542852 66.240314 59.973652
122.691572 151.542852 66.240314 59.973652
194.262371 150.379503 27.132011 59.704113
194.066716 151.263159 27.713476 59.205677
194.066716 151.263159 27.713476 59.205677
194.066716 151.263159 27.713476 59.205677
194.829343 150.663563 31.252569 59.901405
194.829343 150.663563 31.252569 59.901405
196.124454 150.969574 30.898277 59.695679
196.805820 150.807585 29.952005 59.306507
197.454602 151.060379 28.117620 58.997482
196.865872 149.001467 27.439413 60.177273
196.865872 149.001467 27.439413 60.177273
196.865872 149.001467 27.439413 60.177273
196.865872 149.001467 27.439413 60.177273
196.865872 149.001467 27.439413 60.177273
196.865872 149.001467 27.439413 60.177273
196.865872 149.001467 27.439413 60.177273
196.865872 149.001467 27.439413 60.177273
181.511280 154.995338 28.145851 59.338730
180.223022 155.797773 28.889116 58.186756
180.223022 155.797773 28.889116 58.186756
180.223022 155.797773 28.889116 58.186756
175.850176 151.970577 27.959515 59.936455
175.754132 153.024967 28.219976 58.364540
175.422937 153.092403 26.855053 58.585396
175.422937 153.092403 26.855053 58.585396
176.794901 154.037603 26.144436 58.887669
176.025167 153.385071 26.723867 59.791306
176.025167 153.385071 26.723867 59.791306
176.419128 152.305649 27.079391 58.903992
176.419128 152.305649 27.079391 58.903992
176.419128 152.305649 27.079391 58.903992
176.419128 152.305649 27.079391 58.903992
174.430605 151.486706 31.557674 58.691597
174.430605 151.486706 31.557674 58.691597
174.430605 151.486706 31.557674 58.691597
171.921345 148.654972 31.211617 59.055412
170.645463 150.746460 32.055510 56.064346
171.074684 150.784346 31.064499 55.246052
171.013296 150.391729 30.133381 55.658512
171.885120 148.488590 28.997505 56.708809
172.132876 146.703991 28.601175 57.585167
171.863752 147.953716 27.998493 56.607994
170.705285 145.671961 27.906218 58.059521
170.626166 146.671003 27.284410 57.466908
170.591657 147.330112 26.330145 56.583183
169.143696 145.500265 27.243874 57.186771
169.806107 145.671808 26.615280 56.781979
168.145105 146.631590 26.899487 55.432987
167.256567 147.098284 26.823917 55.398983
165.815847 145.351679 27.849979 56.619579
165.887774 147.197483 27.902018 55.115120
165.493134 145.941462 28.517242 56.466518
164.980234 146.620514 28.172787 55.468613
164.776992 145.485640 28.299517 56.511875
164.042093 143.383141 28.431087 57.249329
163.597570 143.145632 28.166767 57.151943
163.545765 144.240372 27.623100 55.841293
163.529585 144.629246 28.108585 56.275688
163.361272 146.353098 28.844473 55.728420
161.172324 147.223021 31.228212 55.780460
159.899362 146.721033 33.006559 56.272137
159.070153 146.678095 33.816008 57.059048
157.582596 147.081064 34.567581 56.768139
157.873981 147.721348 33.473045 56.450066
156.979079 147.681913 32.770220 56.550327
158.211515 148.462095 31.839191 55.430820
159.143517 148.720238 30.679075 55.261856
159.887475 148.953457 29.642561 55.296593
162.105339 148.908785 27.002304 54.790005
162.496943 149.224632 26.347195 55.086960
163.327581 148.192167 26.529621 55.606159
164.269241 149.056021 26.019714 55.161732
165.193057 148.668579 26.090860 55.158463
165.571240 149.595064 25.941671 53.397228
166.023798 150.003698 26.290356 53.027637
165.957584 148.619713 26.693657 53.946243
166.196400 150.518280 26.811897 52.130569
166.416174 147.568068 27.347935 54.839558
165.324553 149.514950 27.819887 53.754723
166.269313 148.923443 27.008478 53.163063
166.224147 147.767643 25.942423 53.418587
165.118082 147.306318 25.976192 53.309376
164.569247 146.520380 25.787073 53.124538
163.598654 146.359287 26.218464 53.846916
160.994224 146.878878 27.038713 53.898617
158.227932 146.591681 28.764366 54.454411
157.445416 146.934010 29.416616 54.571602
156.142857 147.666872 31.064339 55.082928
154.927786 147.950047 32.178852 54.654564
154.282307 149.071802 32.160698 54.408993
153.655426 148.886778 31.715836 54.422810
153.407436 149.628302 30.746422 54.356632
155.292429 151.124300 28.838238 53.133358
154.813724 150.539757 28.420298 53.222488
156.103221 150.775845 27.604807 53.330849
157.299552 150.955233 27.481295 53.778622
156.676819 150.613604 28.342026 54.723370
158.592484 151.361431 27.589523 54.255013
159.249534 150.795115 27.784594 54.882687
161.143366 151.675455 27.006588 54.403332
