235.500000 235.500000 240.000000 240.000000
237.380406 146.025965 25.759787 49.708065
238.310926 146.533260 25.814594 49.572182
239.421852 145.249224 25.609100 49.366283
241.102049 145.421347 25.133289 48.493916
242.038457 145.518246 25.561682 48.797577
242.828466 145.595091 25.707539 48.802059
243.328326 145.277739 25.998484 49.090618
243.131625 145.035639 26.311182 49.079456
243.529272 144.358307 26.854328 48.821907
243.900814 144.968239 27.006187 48.785423
243.725701 145.026098 27.133528 48.495968
244.030642 145.309036 27.011349 48.088020
244.203135 145.876453 27.080515 47.959000
244.203135 145.876453 27.080515 47.959000
246.277183 146.534821 25.204195 47.183113
246.277183 146.534821 25.204195 47.183113
248.973214 146.260498 23.450727 45.720963
249.679812 145.138166 23.474169 46.091236
249.679812 145.138166 23.474169 46.091236
249.791326 144.967043 23.663084 46.741070
250.609847 145.910114 23.496675 46.262733
250.311429 146.812271 24.381994 46.555847
250.311429 146.812271 24.381994 46.555847
248.782319 145.443008 26.947508 46.041794
248.274940 145.939005 27.727707 46.113476
248.611209 147.409758 27.329584 45.575657
248.611209 147.409758 27.329584 45.575657
248.611209 147.409758 27.329584 45.575657
248.611209 147.409758 27.329584 45.575657
251.193004 147.509031 26.376474 43.543804
251.691483 147.587938 26.779768 44.445538
251.643184 147.599911 25.887026 43.451622
251.787252 147.533134 25.196171 44.268227
252.594004 147.836958 24.999645 43.187634
251.110695 148.094143 24.893013 44.667969
251.119502 149.357977 23.227625 42.335705
251.119502 149.357977 23.227625 42.335705
251.119502 149.357977 23.227625 42.335705
247.533866 147.273338 23.996477 44.569824
245.992833 146.797983 24.598082 44.835781
244.551723 145.671541 24.978989 44.501820
242.399627 145.024845 26.478899 46.444427
241.038856 145.473619 27.670748 46.749561
240.352339 144.936855 28.485126 47.280045
240.352339 144.936855 28.485126 47.280045
240.352339 144.936855 28.485126 47.280045
240.352339 144.936855 28.485126 47.280045
241.125374 144.776997 27.617538 49.109604
242.029512 144.635996 27.229183 49.367558
242.201977 145.942890 26.491600 48.911850
242.938199 146.888109 26.019644 48.844303
242.938199 146.888109 26.019644 48.844303
241.932139 146.558250 25.328966 49.259865
241.932139 146.558250 25.328966 49.259865
241.932139 146.558250 25.328966 49.259865
241.932139 146.558250 25.328966 49.259865
241.932139 146.558250 25.328966 49.259865
241.932139 146.558250 25.328966 49.259865
241.932139 146.558250 25.328966 49.259865
230.719549 146.677658 28.883289 49.097786
230.719549 146.677658 28.883289 49.097786
226.394983 146.963509 29.282467 48.624489
224.005204 145.809919 29.249418 48.726528
222.073045 143.981195 28.857512 49.978168
219.301224 144.435812 28.321808 49.511669
219.301224 144.435812 28.321808 49.511669
219.301224 144.435812 28.321808 49.511669
219.301224 144.435812 28.321808 49.511669
219.301224 144.435812 28.321808 49.511669
219.301224 144.435812 28.321808 49.511669
205.983662 147.227322 25.596626 48.289658
203.438240 150.335737 25.460487 46.308590
201.839503 149.450476 26.404390 47.869854
201.839503 149.450476 26.404390 47.869854
199.472353 148.239307 27.915913 49.248444
198.743916 146.395580 29.095795 50.246933
198.004308 146.689127 28.919813 50.575001
198.004308 146.689127 28.919813 50.575001
198.004308 146.689127 28.919813 50.575001
198.497483 145.565418 28.865149 52.274765
198.497483 145.565418 28.865149 52.274765
201.501669 145.289301 27.060604 51.207996
201.796965 146.604650 26.443554 50.151714
201.796965 146.604650 26.443554 50.151714
204.408848 147.126305 24.530823 49.970131
204.408848 147.126305 24.530823 49.970131
206.367002 148.328905 25.680250 50.715900
206.367002 148.328905 25.680250 50.715900
206.367002 148.328905 25.680250 50.715900
206.367002 148.328905 25.680250 50.715900
204.453102 148.926624 28.260490 50.522141
203.948227 149.001686 29.290306 50.427559
203.948227 149.001686 29.290306 50.427559
203.948227 149.001686 29.290306 50.427559
203.948227 149.001686 29.290306 50.427559
205.420768 151.581684 29.739771 49.652466
207.350334 151.851585 29.174080 50.019707
209.977762 152.980049 27.893650 49.664848
212.751998 155.111252 26.632868 48.433464
212.751998 155.111252 26.632868 48.433464
216.394891 154.625957 25.297110 48.738861
216.394891 154.625957 25.297110 48.738861
216.394891 154.625957 25.297110 48.738861
216.394891 154.625957 25.297110 48.738861
224.249435 150.736658 26.500786 50.116291
224.249435 150.736658 26.500786 50.116291
226.048699 149.273460 28.399069 49.534340
226.048699 149.273460 28.399069 49.534340
228.113246 149.956285 28.886080 49.700901
227.760394 148.277658 29.996843 50.799229
227.760394 148.277658 29.996843 50.799229
232.938548 148.642269 27.484407 50.352386
234.523674 148.464481 28.170815 51.590302
235.023473 148.745998 28.670164 50.899460
235.023473 148.745998 28.670164 50.899460
239.718638 147.717690 26.853167 51.320763
239.718638 147.717690 26.853167 51.320763
242.115116 148.674847 27.103043 51.785202
242.115116 148.674847 27.103043 51.785202
242.725653 149.172781 27.095898 50.301311
242.805328 150.886681 28.450905 49.362663
241.974736 149.559788 29.576460 49.612473
243.503127 149.695375 29.433268 49.348667
241.556877 148.609518 30.467934 50.526211
242.372922 149.377617 30.917753 50.111122
241.681166 148.975115 31.614223 50.414845
241.681166 148.975115 31.614223 50.414845
241.681166 148.975115 31.614223 50.414845
241.681166 148.975115 31.614223 50.414845
243.333941 148.441135 29.351793 49.854355
243.333941 148.441135 29.351793 49.854355
243.333941 148.441135 29.351793 49.854355
242.107283 149.560343 25.402538 48.876438
240.436990 149.709969 25.749792 49.228828
240.436990 149.709969 25.749792 49.228828
240.436990 149.709969 25.749792 49.228828
233.811975 146.924999 26.380955 50.460327
233.811975 146.924999 26.380955 50.460327
233.811975 146.924999 26.380955 50.460327
233.811975 146.924999 26.380955 50.460327
233.811975 146.924999 26.380955 50.460327
233.811975 146.924999 26.380955 50.460327
233.811975 146.924999 26.380955 50.460327
233.811975 146.924999 26.380955 50.460327
233.811975 146.924999 26.380955 50.460327
233.811975 146.924999 26.380955 50.460327
233.811975 146.924999 26.380955 50.460327
212.079240 146.888567 25.819746 48.231922
212.079240 146.888567 25.819746 48.231922
210.598537 145.730778 26.074669 48.960579
210.598537 145.730778 26.074669 48.960579
207.912117 146.600384 26.275322 48.768532
205.661449 146.626568 27.561844 49.745247
205.313616 147.293201 28.562824 48.829185
205.313616 147.293201 28.562824 48.829185
201.224826 146.071844 31.189684 49.599979
199.478597 145.411709 31.300764 49.767326
199.478597 145.411709 31.300764 49.767326
197.472776 143.971018 31.848232 51.488140
197.472776 143.971018 31.848232 51.488140
197.261938 146.023499 30.682507 52.209641
197.261938 146.023499 30.682507 52.209641
196.323895 144.719801 30.452972 52.913609
197.422263 145.611731 29.708658 50.787327
198.123088 146.006720 27.382280 49.931293
198.123088 146.006720 27.382280 49.931293
198.123088 146.006720 27.382280 49.931293
199.443272 143.713457 27.042175 53.040356
199.443272 143.713457 27.042175 53.040356
199.443272 143.713457 27.042175 53.040356
199.443272 143.713457 27.042175 53.040356
202.151279 143.806545 28.648575 51.796288
201.868869 143.979490 29.332964 51.255680
201.924542 144.674788 30.125608 51.098560
201.924542 144.674788 30.125608 51.098560
203.695559 143.851093 29.794697 51.970222
203.695559 143.851093 29.794697 51.970222
203.305466 144.236317 29.106972 52.422569
203.109600 143.784128 28.175430 52.111858
203.057402 144.893953 27.649715 51.060497
203.057402 144.893953 27.649715 51.060497
201.785043 144.881874 27.365805 51.749451
201.785043 144.881874 27.365805 51.749451
201.785043 144.881874 27.365805 51.749451
201.785043 144.881874 27.365805 51.749451
201.785043 144.881874 27.365805 51.749451
198.162983 143.375021 30.159546 51.594959
199.097652 144.431906 30.268539 50.835026
199.097652 144.431906 30.268539 50.835026
200.478484 145.058058 30.362040 49.718601
200.478484 145.058058 30.362040 49.718601
200.478484 145.058058 30.362040 49.718601
204.828301 145.957130 29.848776 50.229233
204.828301 145.957130 29.848776 50.229233
206.821598 141.602884 29.520569 53.320385
206.821598 141.602884 29.520569 53.320385
206.821598 141.602884 29.520569 53.320385
206.470355 138.646460 26.907656 53.017292
206.470355 138.646460 26.907656 53.017292
208.250692 138.552364 25.897442 52.661171
208.250692 138.552364 25.897442 52.661171
208.250692 138.552364 25.897442 52.661171
206.237223 136.952314 30.858875 53.820499
206.237223 136.952314 30.858875 53.820499
206.237223 136.952314 30.858875 53.820499
206.237223 136.952314 30.858875 53.820499
210.182912 136.269537 32.346708 54.818958
210.182912 136.269537 32.346708 54.818958
211.151529 136.900410 33.859806 53.202843
212.248833 137.275967 32.807411 52.842094
213.800144 138.884829 32.405579 52.697643
213.983366 137.042152 31.124035 53.691650
215.105741 137.988409 29.037855 53.132435
215.105741 137.988409 29.037855 53.132435
215.105741 137.988409 29.037855 53.132435
213.529099 138.400667 28.816900 53.377010
211.953085 137.403429 31.140224 53.620037
210.391246 138.811985 31.120363 52.579552
210.048937 139.608034 31.846821 52.406857
209.099416 139.403061 33.304136 52.267578
209.099416 139.403061 33.304136 52.267578
208.658642 140.925243 31.887726 51.066292
208.077165 141.652494 31.517614 50.676640
209.032366 141.886223 29.991337 50.945709
209.032366 141.886223 29.991337 50.945709
209.401299 144.058172 27.303078 50.968906
209.401299 144.058172 27.303078 50.968906
209.015363 140.001055 24.908567 53.841686
209.015363 140.001055 24.908567 53.841686
209.015363 140.001055 24.908567 53.841686
209.015363 140.001055 24.908567 53.841686
209.015363 140.001055 24.908567 53.841686
209.015363 140.001055 24.908567 53.841686
203.175168 137.810757 29.428274 54.664452
201.473688 141.773256 30.591991 51.275219
200.505535 141.071360 31.383247 52.525692
200.505535 141.071360 31.383247 52.525692
200.505535 141.071360 31.383247 52.525692
199.326307 140.962626 30.785374 52.535854
199.311540 142.270308 28.476225 50.479740
199.311540 142.270308 28.476225 50.479740
199.311540 142.270308 28.476225 50.479740
201.085540 142.547268 24.915026 49.869179
201.085540 142.547268 24.915026 49.869179
200.846500 140.732624 24.988075 49.396065
200.846500 140.732624 24.988075 49.396065
199.498447 142.581455 26.143028 51.430000
199.498447 142.581455 26.143028 51.430000
196.871178 140.974964 28.037308 52.349388
199.141479 142.009773 26.227417 49.180252
199.141479 142.009773 26.227417 49.180252
199.141479 142.009773 26.227417 49.180252
196.158147 140.860306 29.649878 52.666245
196.158147 140.860306 29.649878 52.666245
195.374425 142.077852 29.120977 51.555859
196.838720 141.057243 28.611622 52.846008
196.838720 141.057243 28.611622 52.846008
191.205296 139.601736 36.802879 54.062214
185.912218 140.607666 37.555950 53.744431
189.545933 141.669083 37.562767 53.819748
193.814590 140.419874 40.149933 54.384281
196.715885 141.046997 36.100395 50.094376
196.715885 141.046997 36.100395 50.094376
196.715885 141.046997 36.100395 50.094376
196.715885 141.046997 36.100395 50.094376
196.715885 141.046997 36.100395 50.094376
196.715885 141.046997 36.100395 50.094376
196.715885 141.046997 36.100395 50.094376
196.715885 141.046997 36.100395 50.094376
196.715885 141.046997 36.100395 50.094376
192.692659 142.582159 40.836498 51.883320
192.692659 142.582159 40.836498 51.883320
192.692659 142.582159 40.836498 51.883320
195.582539 143.122519 29.952873 53.202168
195.582539 143.122519 29.952873 53.202168
196.098367 142.113882 28.876219 53.194798
196.098367 142.113882 28.876219 53.194798
197.048611 142.834608 28.183861 52.729359
196.371791 142.772173 28.469599 52.662884
195.966686 142.403988 28.799461 52.320076
195.966686 142.403988 28.799461 52.320076
195.966686 142.403988 28.799461 52.320076
195.966686 142.403988 28.799461 52.320076
192.332221 143.312988 29.551989 51.641098
194.103685 144.188242 28.624111 51.169186
191.988541 144.690071 30.281555 50.727478
191.988541 144.690071 30.281555 50.727478
191.040798 144.080780 29.467552 50.908463
192.376016 144.607567 29.079679 50.778656
191.602017 144.195580 29.152517 51.646072
191.602017 144.195580 29.152517 51.646072
191.523762 143.653410 27.969795 50.694477
191.523762 143.653410 27.969795 50.694477
191.994936 143.888706 28.751232 51.119102
190.147974 143.989628 29.158489 51.499138
190.147974 143.989628 29.158489 51.499138
191.300873 144.543558 30.822540 51.547421
191.300873 144.543558 30.822540 51.547421
191.300873 144.543558 30.822540 51.547421
193.251053 143.777771 29.762512 51.525803
193.251053 143.777771 29.762512 51.525803
193.251053 143.777771 29.762512 51.525803
193.251053 143.777771 29.762512 51.525803
193.337172 143.467247 30.568714 51.338516
193.337172 143.467247 30.568714 51.338516
193.337172 143.467247 30.568714 51.338516
195.336137 142.294024 29.064695 51.737621
195.458577 141.753315 29.620932 52.543419
195.458577 141.753315 29.620932 52.543419
196.280558 141.828560 29.333935 53.073914
196.430888 142.398705 28.881403 52.780579
196.054004 141.398022 28.766581 53.096443
196.054004 141.398022 28.766581 53.096443
197.880542 141.288906 28.795282 52.817528
197.812349 140.669256 28.612881 52.636433
197.521672 142.208403 27.854315 51.103733
198.307505 142.348539 27.966305 51.466846
198.900240 142.683344 27.543713 52.088421
198.900240 142.683344 27.543713 52.088421
198.900240 142.683344 27.543713 52.088421
199.452517 143.361147 27.122341 51.089901
199.123203 143.355822 27.008186 51.553295
199.123203 143.355822 27.008186 51.553295
199.123203 143.355822 27.008186 51.553295
202.764057 143.169054 26.384834 47.906963
203.009437 144.449263 26.407030 47.435703
203.009437 144.449263 26.407030 47.435703
203.009437 144.449263 26.407030 47.435703
203.009437 144.449263 26.407030 47.435703
203.009437 144.449263 26.407030 47.435703
204.387832 145.321611 33.129274 53.996456
204.387832 145.321611 33.129274 53.996456
204.387832 145.321611 33.129274 53.996456
204.387832 145.321611 33.129274 53.996456
204.387832 145.321611 33.129274 53.996456
204.387832 145.321611 33.129274 53.996456
213.605461 146.281103 31.631271 56.648960
210.864808 144.493935 30.926634 57.217697
210.864808 144.493935 30.926634 57.217697
210.864808 144.493935 30.926634 57.217697
210.864808 144.493935 30.926634 57.217697
210.864808 144.493935 30.926634 57.217697
210.864808 144.493935 30.926634 57.217697
211.435369 143.360168 32.211737 55.314743
211.435369 143.360168 32.211737 55.314743
210.797796 142.851149 34.198689 51.743107
210.797796 142.851149 34.198689 51.743107
212.908816 141.428495 30.987055 55.988651
213.195178 142.140285 33.710306 54.622444
212.949327 141.731573 33.309980 60.013615
214.171175 142.067364 36.776226 56.872688
214.171175 142.067364 36.776226 56.872688
216.783363 142.845552 35.875687 55.205135
216.783363 142.845552 35.875687 55.205135
218.083744 143.517038 39.726036 56.218670
216.387280 142.026979 38.683891 53.981457
217.586503 140.259838 30.078413 50.496178
217.586503 140.259838 30.078413 50.496178
217.586503 140.259838 30.078413 50.496178
217.586503 140.259838 30.078413 50.496178
220.809863 138.042500 27.563974 48.977043
220.809863 138.042500 27.563974 48.977043
220.809863 138.042500 27.563974 48.977043
224.031942 140.011202 28.064030 48.326916
224.031942 140.011202 28.064030 48.326916
226.113764 139.958397 42.004147 50.193100
227.483589 141.332113 46.929382 53.408115
227.483589 141.332113 46.929382 53.408115
250.725210 143.771009 48.253223 53.014866
250.725210 143.771009 48.253223 53.014866
250.725210 143.771009 48.253223 53.014866
251.469950 145.852079 43.311367 52.502811
249.410154 145.681652 42.482075 55.387657
249.410154 145.681652 42.482075 55.387657
254.829353 147.313414 43.922318 54.389866
254.829353 147.313414 43.922318 54.389866
251.404324 147.133852 50.156944 55.863888
251.404324 147.133852 50.156944 55.863888
244.630898 146.593666 56.293030 55.155853
244.630898 146.593666 56.293030 55.155853
244.630898 146.593666 56.293030 55.155853
244.630898 146.593666 56.293030 55.155853
244.630898 146.593666 56.293030 55.155853
255.301979 149.259878 48.124298 54.359394
255.301979 149.259878 48.124298 54.359394
255.301979 149.259878 48.124298 54.359394
259.368423 151.236721 63.622849 53.501213
259.368423 151.236721 63.622849 53.501213
259.368423 151.236721 63.622849 53.501213
259.368423 151.236721 63.622849 53.501213
259.368423 151.236721 63.622849 53.501213
259.368423 151.236721 63.622849 53.501213
259.368423 151.236721 63.622849 53.501213
259.368423 151.236721 63.622849 53.501213
274.165134 152.045763 38.962440 51.638607
274.165134 152.045763 38.962440 51.638607
274.165134 152.045763 38.962440 51.638607
274.165134 152.045763 38.962440 51.638607
274.165134 152.045763 38.962440 51.638607
274.165134 152.045763 38.962440 51.638607
272.736599 152.936064 87.666878 61.439655
272.736599 152.936064 87.666878 61.439655
272.736599 152.936064 87.666878 61.439655
272.736599 152.936064 87.666878 61.439655
263.715689 152.309816 49.869221 50.746319
275.984972 150.268553 40.673168 50.597126
275.546959 151.501753 78.707092 54.563663
275.546959 151.501753 78.707092 54.563663
275.546959 151.501753 78.707092 54.563663
275.546959 151.501753 78.707092 54.563663
282.746297 149.656916 33.521582 50.755901
282.746297 149.656916 33.521582 50.755901
256.712202 150.249273 43.614071 49.121906
255.117346 149.122555 46.628262 50.872810
265.008099 149.227236 44.320862 50.819317
271.736710 148.631207 39.988365 49.250633
271.736710 148.631207 39.988365 49.250633
271.736710 148.631207 39.988365 49.250633
271.736710 148.631207 39.988365 49.250633
282.177385 150.378202 62.733326 50.909306
281.232158 149.241043 34.440767 50.319702
268.095432 150.314299 51.269897 49.575016
281.566837 150.646948 38.266754 51.170383
280.855185 149.695972 37.122448 48.243202
280.855185 149.695972 37.122448 48.243202
262.054090 150.049047 36.649952 49.556568
262.054090 150.049047 36.649952 49.556568
260.918316 150.375944 42.694115 46.981464
283.699219 149.497700 31.779434 50.026711
283.699219 149.497700 31.779434 50.026711
283.699219 149.497700 31.779434 50.026711
258.657755 149.880182 50.469975 46.720409
258.657755 149.880182 50.469975 46.720409
285.712849 149.509926 31.585281 48.726013
267.852369 150.923107 41.916378 46.980370
286.198202 151.301760 29.560131 46.928417
267.711805 152.024576 42.219486 47.722378
267.711805 152.024576 42.219486 47.722378
286.681926 150.281706 29.716776 47.793949
273.263329 150.605719 38.589455 46.650120
287.267547 150.538290 26.993067 46.028843
287.267547 150.538290 26.993067 46.028843
287.267547 150.538290 26.993067 46.028843
261.676437 152.213585 48.315681 49.270218
261.676437 152.213585 48.315681 49.270218
261.676437 152.213585 48.315681 49.270218
261.676437 152.213585 48.315681 49.270218
271.545296 150.915094 42.891335 48.239498
277.689335 150.551451 38.838959 49.193424
277.689335 150.551451 38.838959 49.193424
276.733085 152.714170 34.598505 51.581913
282.061041 152.134497 36.200771 47.895847
282.061041 152.134497 36.200771 47.895847
282.061041 152.134497 36.200771 47.895847
277.258193 153.500603 34.395395 48.718323
277.258193 153.500603 34.395395 48.718323
275.099354 150.766146 86.336014 54.418209
275.960968 150.121073 57.318138 54.720684
269.004950 151.419155 37.464931 51.785240
267.983955 151.591427 38.228691 50.899590
263.843222 150.033466 42.619473 51.956978
261.514229 148.606600 39.547112 50.585567
261.514229 148.606600 39.547112 50.585567
245.489803 146.933096 38.746796 49.287052
246.725252 148.344650 32.053959 46.257294
246.725252 148.344650 32.053959 46.257294
247.791590 147.541590 31.655827 45.709805
247.836141 147.046295 32.851072 44.125214
247.836141 147.046295 32.851072 44.125214
247.836141 147.046295 32.851072 44.125214
246.811735 147.156841 42.811443 50.969719
246.811735 147.156841 42.811443 50.969719
270.624435 148.373205 39.233009 51.186146
275.916935 148.678188 33.002258 50.085945
270.582945 149.718060 38.860729 50.913231
270.582945 149.718060 38.860729 50.913231
271.820105 149.627411 42.388271 50.452774
271.820105 149.627411 42.388271 50.452774
271.820105 149.627411 42.388271 50.452774
271.820105 149.627411 42.388271 50.452774
260.959202 148.910671 44.148071 48.807869
252.359692 148.553766 53.412949 49.595150
270.386625 148.683014 40.345242 49.554840
270.386625 148.683014 40.345242 49.554840
270.386625 148.683014 40.345242 49.554840
261.473835 149.391973 45.233109 48.299122
261.473835 149.391973 45.233109 48.299122
272.712378 149.366556 39.488430 50.035366
272.712378 149.366556 39.488430 50.035366
272.712378 149.366556 39.488430 50.035366
272.712378 149.366556 39.488430 50.035366
272.712378 149.366556 39.488430 50.035366
272.712378 149.366556 39.488430 50.035366
275.828136 151.906643 42.827438 50.029716
267.836678 151.508333 43.301292 50.474453
267.836678 151.508333 43.301292 50.474453
263.164694 152.598915 42.331646 51.940613
264.806673 151.616486 37.727863 47.814178
264.806673 151.616486 37.727863 47.814178
264.806673 151.616486 37.727863 47.814178
264.806673 151.616486 37.727863 47.814178
264.806673 151.616486 37.727863 47.814178
261.444641 150.990791 47.185234 48.071976
261.444641 150.990791 47.185234 48.071976
261.444641 150.990791 47.185234 48.071976
261.444641 150.990791 47.185234 48.071976
280.462524 150.475752 34.572502 48.254597
266.464949 151.198851 45.530529 46.034748
251.419495 150.732420 43.123985 48.871449
251.419495 150.732420 43.123985 48.871449
251.419495 150.732420 43.123985 48.871449
251.419495 150.732420 43.123985 48.871449
251.419495 150.732420 43.123985 48.871449
251.419495 150.732420 43.123985 48.871449
251.419495 150.732420 43.123985 48.871449
251.419495 150.732420 43.123985 48.871449
251.419495 150.732420 43.123985 48.871449
260.738354 150.562500 54.915436 49.011688
282.941560 148.812080 33.274740 48.611877
282.941560 148.812080 33.274740 48.611877
288.295652 150.715988 28.891659 45.477646
288.297144 151.760454 30.788334 45.040478
278.399590 152.926733 40.302246 46.763386
284.868405 151.464977 34.614584 47.980354
285.957318 152.992928 31.010275 48.797653
285.957318 152.992928 31.010275 48.797653
285.957318 152.992928 31.010275 48.797653
266.269728 155.173004 39.627460 49.876434
266.269728 155.173004 39.627460 49.876434
265.836231 153.221197 35.996056 50.282871
262.186611 153.942175 35.468437 53.413136
272.050455 153.530447 38.442974 47.941319
272.050455 153.530447 38.442974 47.941319
272.050455 153.530447 38.442974 47.941319
272.050455 153.530447 38.442974 47.941319
272.050455 153.530447 38.442974 47.941319
265.151846 152.718863 47.019993 47.206226
265.151846 152.718863 47.019993 47.206226
259.393213 151.431467 43.256390 46.536816
285.920689 152.674629 35.136131 48.521469
256.593018 154.154366 59.253952 52.881912
288.465751 153.239557 31.878450 47.395840
288.465751 153.239557 31.878450 47.395840
265.685535 153.649206 51.079216 49.181904
265.685535 153.649206 51.079216 49.181904
265.685535 153.649206 51.079216 49.181904
265.685535 153.649206 51.079216 49.181904
265.685535 153.649206 51.079216 49.181904
265.685535 153.649206 51.079216 49.181904
265.685535 153.649206 51.079216 49.181904
265.685535 153.649206 51.079216 49.181904
281.891407 152.517387 39.968086 51.169815
276.105856 152.044271 44.696934 50.964542
270.970936 149.407658 57.248085 52.967140
270.970936 149.407658 57.248085 52.967140
270.970936 149.407658 57.248085 52.967140
282.940304 149.680555 48.885506 54.090168
295.732293 152.004383 34.603346 52.802193
295.732293 152.004383 34.603346 52.802193
295.732293 152.004383 34.603346 52.802193
299.283878 153.814812 35.572166 50.042191
290.444571 154.960539 43.499149 48.580860
290.444571 154.960539 43.499149 48.580860
290.444571 154.960539 43.499149 48.580860
282.814165 153.606728 52.600109 50.672348
289.597425 151.957644 39.834782 49.442944
289.597425 151.957644 39.834782 49.442944
289.466426 153.156029 28.590616 47.318207
285.901821 155.744717 25.532425 42.920799
283.545667 154.083551 29.430853 43.394894
283.545667 154.083551 29.430853 43.394894
283.545667 154.083551 29.430853 43.394894
283.545667 154.083551 29.430853 43.394894
275.618757 152.737526 43.523914 44.315720
275.618757 152.737526 43.523914 44.315720
275.618757 152.737526 43.523914 44.315720
275.618757 152.737526 43.523914 44.315720
278.396179 151.232473 49.985535 47.467609
278.396179 151.232473 49.985535 47.467609
307.740069 151.068619 31.575571 49.782883
307.740069 151.068619 31.575571 49.782883
307.740069 151.068619 31.575571 49.782883
282.113196 153.239269 33.453127 45.061348
284.570896 150.408682 41.158272 47.440983
284.570896 150.408682 41.158272 47.440983
282.828627 149.984554 38.159794 48.119881
282.828627 149.984554 38.159794 48.119881
281.237801 149.903177 38.340393 45.889172
290.282068 149.904991 54.686855 47.797318
290.775854 150.301949 50.058414 52.365829
284.662573 148.950066 50.886509 51.931717
291.132708 149.900141 51.305721 51.492855
291.132708 149.900141 51.305721 51.492855
305.914915 152.451578 44.739048 54.059048
305.914915 152.451578 44.739048 54.059048
289.403578 151.909351 39.208881 48.440315
289.403578 151.909351 39.208881 48.440315
289.403578 151.909351 39.208881 48.440315
294.033495 152.714058 36.081264 47.984634
294.033495 152.714058 36.081264 47.984634
298.016669 152.197618 31.267626 45.338650
300.405300 151.911112 33.630272 46.765911
299.139811 151.085920 41.966640 48.338413
299.139811 151.085920 41.966640 48.338413
298.909382 150.259277 50.245872 49.522980
298.909382 150.259277 50.245872 49.522980
298.909382 150.259277 50.245872 49.522980
309.133146 147.835018 47.912220 53.282585
309.133146 147.835018 47.912220 53.282585
295.309402 150.626492 66.868240 53.875603
308.223209 150.402962 54.815178 55.075653
308.223209 150.402962 54.815178 55.075653
308.223209 150.402962 54.815178 55.075653
308.223209 150.402962 54.815178 55.075653
308.223209 150.402962 54.815178 55.075653
314.167944 152.748550 47.802494 49.995712
314.167944 152.748550 47.802494 49.995712
326.372089 154.107780 38.693214 48.971802
306.213320 153.419809 38.282742 47.940029
306.213320 153.419809 38.282742 47.940029
295.441751 152.476696 62.586102 49.073021
325.950787 152.100006 38.048744 50.438675
325.950787 152.100006 38.048744 50.438675
309.714640 152.707888 47.450771 47.904552
288.161921 152.203247 66.949703 50.124985
288.161921 152.203247 66.949703 50.124985
296.757656 150.943161 48.334206 51.155273
283.556316 150.518547 61.791100 50.305313
283.556316 150.518547 61.791100 50.305313
283.556316 150.518547 61.791100 50.305313
283.556316 150.518547 61.791100 50.305313
283.556316 150.518547 61.791100 50.305313
318.179829 155.242405 46.526497 48.740791
299.533827 155.256405 34.927845 44.919853
299.533827 155.256405 34.927845 44.919853
303.632322 156.601755 36.617161 42.569714
303.632322 156.601755 36.617161 42.569714
303.632322 156.601755 36.617161 42.569714
303.632322 156.601755 36.617161 42.569714
303.632322 156.601755 36.617161 42.569714
301.464993 154.996042 29.648705 42.470150
301.464993 154.996042 29.648705 42.470150
302.491554 156.923471 30.884537 42.086987
301.101900 156.581680 33.214474 41.950851
301.101900 156.581680 33.214474 41.950851
298.915247 156.875624 45.411739 43.685581
298.915247 156.875624 45.411739 43.685581
298.915247 156.875624 45.411739 43.685581
294.547205 155.413137 49.353451 45.903065
294.547205 155.413137 49.353451 45.903065
294.547205 155.413137 49.353451 45.903065
280.722715 156.022530 65.678410 47.377243
280.722715 156.022530 65.678410 47.377243
294.719074 154.443727 64.685143 52.175228
294.719074 154.443727 64.685143 52.175228
305.026104 155.116388 44.357948 51.829006
300.281000 153.975409 44.759548 49.753086
287.820211 153.614712 51.972248 50.354088
291.133717 150.296053 44.074837 51.468945
294.147875 154.193645 53.248837 48.578529
294.147875 154.193645 53.248837 48.578529
300.928787 154.143099 41.754333 49.469570
294.487095 156.083776 45.319969 46.809635
294.487095 156.083776 45.319969 46.809635
294.487095 156.083776 45.319969 46.809635
294.487095 156.083776 45.319969 46.809635
297.596869 156.029333 43.728748 47.635868
297.596869 156.029333 43.728748 47.635868
304.744032 156.623140 37.712574 47.794582
287.296980 157.802267 52.779072 47.479099
221.331696 152.620275 93.194427 51.805561
191.018603 153.295044 31.431025 50.366638
203.064590 149.143246 67.347626 46.789558
238.295425 148.369349 26.496964 48.708294
242.839323 147.630933 18.738041 34.039152
243.030707 148.420589 24.451670 50.682999
245.563704 148.051970 19.540020 37.083065
245.236494 148.116665 20.615170 40.449066
246.183222 148.170582 20.317028 37.761505
246.176115 147.775055 20.025486 36.648941
245.616877 148.282061 22.613842 48.905666
247.361222 147.966393 19.678274 38.536934
247.167526 148.171200 21.017525 41.241989
248.201482 148.026243 19.999434 35.429142
246.289876 148.161028 27.479177 54.837124
249.817802 148.170914 19.570801 37.039963
249.838733 148.517948 25.730249 50.944855
253.426866 148.829044 19.092421 35.931374
251.629784 149.396959 28.387573 57.958927
253.349582 148.386051 20.114466 35.700645
250.093790 151.164114 41.547665 59.305462
251.985930 149.710810 22.609941 37.102695
255.190444 148.353664 21.187029 45.061172
256.398096 148.286928 19.190792 36.971188
252.780016 151.440048 39.768459 59.448509
253.916461 148.280615 21.885904 35.050457
239.813353 156.470356 53.388348 59.719849
225.100084 155.956322 34.653873 49.730568
225.349365 153.157116 55.193794 49.800476
247.533799 148.174194 31.378302 51.137993
227.553614 156.978611 49.442333 48.834763
256.956985 148.716764 24.077959 43.789440
239.086843 151.810801 51.350452 56.554798
246.769558 149.471876 56.404869 55.739742
198.231764 157.696930 40.145817 48.381264
215.477102 158.642199 48.808002 43.269291
205.550957 155.531950 36.120682 48.047817
220.873041 157.221365 50.175594 46.631115
208.047844 156.087200 34.834091 44.894806
212.614372 156.684780 39.849991 47.124680
207.885698 156.091352 34.988613 44.222225
215.701303 158.367046 53.646847 47.302826
217.365844 154.466860 33.464693 46.466831
227.598583 153.152390 70.856804 52.193153
235.169968 154.764994 101.197525 54.832462
207.504185 158.237495 34.827034 51.786110
212.074564 156.991213 25.985073 43.219425
230.242515 157.827728 26.374224 45.849365
233.897129 159.043701 36.512810 49.353821
218.119295 155.145033 38.560268 44.082951
217.105494 156.024414 36.526043 49.201065
230.924550 157.991692 30.423925 48.003677
221.471167 159.294792 52.810383 52.700836
216.480278 155.786417 27.821732 46.477474
220.563242 157.440563 51.396938 49.264229
215.411562 155.407316 35.511150 47.716358
211.205759 157.100246 41.201946 46.269905
212.652950 159.132713 33.680122 46.676834
231.150452 155.961557 75.666473 50.092602
