145.500000 145.500000 150.000000 150.000000
147.630928 267.153942 80.401596 59.055519
148.776245 264.421793 79.969330 58.362682
152.117043 262.522406 77.823288 57.874409
153.478558 260.350342 77.152168 57.475647
156.072105 258.445562 75.705032 57.109501
158.881805 256.357082 74.079590 56.713982
159.455875 253.424911 73.339409 56.269592
160.778923 251.767345 71.943253 55.698036
162.292126 249.461470 71.203514 55.209553
164.024654 247.665428 69.889809 55.065720
164.110538 246.351221 69.494804 55.357159
165.475330 246.785467 67.817101 53.863529
165.638170 246.573925 66.612286 53.268791
165.993429 247.061882 65.148777 52.426514
164.903963 246.668495 64.402828 52.476028
164.829021 246.346254 63.136375 52.300564
165.859833 246.386021 62.275955 51.431389
165.986166 245.441624 61.180637 50.660225
165.675568 245.544682 60.342941 50.753929
165.481026 244.881218 59.531982 49.996887
165.784966 245.254768 58.840179 50.152695
166.868448 245.670080 57.620602 49.428013
166.826025 245.254776 57.101185 48.638351
168.337910 244.870306 56.068336 47.523014
169.447437 244.129499 55.280128 47.424427
170.717266 243.754728 54.620689 47.141972
172.003780 242.908979 54.479134 46.290668
174.291327 241.951700 53.530567 45.689709
176.105556 241.068886 52.477058 45.641968
176.891832 240.995422 52.382229 45.471619
177.342773 240.759285 52.131805 45.288025
177.134544 241.065556 51.649399 45.017052
177.115194 241.576063 51.271366 44.148396
176.443495 240.430084 50.535923 44.968903
176.365433 239.815737 49.926971 45.706829
173.798328 238.985701 51.376900 45.051960
173.975039 238.611410 50.236370 44.686268
173.502771 238.566080 49.893734 43.200161
174.072725 238.135500 47.835491 42.495159
172.757528 236.647884 47.962940 42.468987
172.381401 236.605480 48.943787 41.514183
173.066555 234.881199 46.111992 37.454689
171.824329 234.047703 49.637581 36.734337
172.430698 232.880042 44.826607 32.069185
172.825123 233.231819 43.702553 31.684723
174.966368 232.380380 43.171268 31.753431
172.434124 232.569445 44.455620 30.717602
171.834183 229.345942 44.940231 31.572901
173.964949 230.534219 43.545841 31.041792
176.106194 231.299669 41.582779 31.280285
174.778307 230.564660 40.978313 31.504545
174.397390 230.347528 40.524479 31.007687
173.108107 230.703995 40.965702 30.584595
172.280235 230.872211 41.144608 30.460123
173.986874 230.445079 39.816917 30.995478
174.884247 231.235256 39.966614 31.464317
174.056908 231.367589 39.739609 32.070272
176.038248 232.821483 38.767834 32.336161
176.870512 235.413629 38.452183 32.271116
176.090296 236.840507 37.801838 32.444780
178.057858 237.954299 37.132309 33.110476
177.412231 239.973336 37.528465 34.182615
178.365551 241.238772 37.028290 34.255579
179.880560 241.883465 36.589748 35.186256
180.674944 243.119307 36.328220 35.098759
181.405510 242.960848 35.752205 35.343914
181.830338 243.392099 35.567528 35.071270
182.965845 243.004326 35.673618 34.903564
184.876812 243.078956 35.572052 34.147142
186.412617 242.838585 35.542786 34.219162
188.716476 240.485826 35.472603 34.709621
191.397946 240.129794 34.738798 34.001406
194.063470 239.305167 34.628714 33.704508
197.149665 238.138999 34.292719 33.513781
199.199162 239.634724 34.948423 31.505783
199.199162 239.634724 34.948423 31.505783
203.803405 239.798224 33.547632 30.544596
203.803405 239.798224 33.547632 30.544596
205.019291 237.651906 33.038414 31.568884
205.019291 237.651906 33.038414 31.568884
205.019291 237.651906 33.038414 31.568884
205.019291 237.651906 33.038414 31.568884
205.019291 237.651906 33.038414 31.568884
205.019291 237.651906 33.038414 31.568884
205.932349 236.615441 30.063585 29.621229
205.932349 236.615441 30.063585 29.621229
205.932349 236.615441 30.063585 29.621229
205.932349 236.615441 30.063585 29.621229
201.410538 235.609721 31.781807 25.705378
201.410538 235.609721 31.781807 25.705378
201.410538 235.609721 31.781807 25.705378
203.653873 209.477789 60.447372 44.415508
203.653873 209.477789 60.447372 44.415508
203.653873 209.477789 60.447372 44.415508
250.256508 222.430105 69.020271 38.380825
282.347363 220.812904 85.849640 42.742012
300.893730 205.233179 80.315407 45.378635
300.893730 205.233179 80.315407 45.378635
332.328213 201.476295 52.170807 34.220634
334.110046 202.574228 51.370277 32.557819
334.110046 202.574228 51.370277 32.557819
325.869102 189.547432 67.617775 49.654411
329.174084 189.647633 124.091492 73.907242
329.174084 189.647633 124.091492 73.907242
329.174084 189.647633 124.091492 73.907242
329.174084 189.647633 124.091492 73.907242
208.873119 193.245564 190.010422 93.343033
308.623432 225.834938 67.806061 44.051918
323.053867 222.008711 52.977219 42.410259
315.825077 219.019812 59.739456 42.533276
315.825077 219.019812 59.739456 42.533276
314.768021 221.788206 57.420204 38.412762
311.706059 218.013559 62.791122 40.498768
311.706059 218.013559 62.791122 40.498768
315.564114 220.969261 63.670853 39.701759
315.564114 220.969261 63.670853 39.701759
315.564114 220.969261 63.670853 39.701759
314.970066 214.565207 70.142883 41.346889
299.087055 215.458570 67.462982 37.490978
299.087055 215.458570 67.462982 37.490978
298.442871 219.317207 50.539726 34.442711
298.442871 219.317207 50.539726 34.442711
298.442871 219.317207 50.539726 34.442711
265.497807 219.897770 78.744629 44.815308
265.497807 219.897770 78.744629 44.815308
223.561026 227.188329 35.260830 28.380919
223.561026 227.188329 35.260830 28.380919
223.561026 227.188329 35.260830 28.380919
223.561026 227.188329 35.260830 28.380919
231.454327 224.814273 30.506508 25.689730
231.454327 224.814273 30.506508 25.689730
231.454327 224.814273 30.506508 25.689730
234.155012 226.451579 27.980679 24.391657
235.275162 226.928180 27.431953 24.821901
238.105892 226.735875 26.641396 24.243940
239.547283 227.063823 24.968422 24.708399
239.339594 228.171461 25.385021 23.953007
239.339594 228.171461 25.385021 23.953007
239.535815 227.545248 25.914309 24.129940
239.741163 227.856250 26.815434 24.460253
239.741163 227.856250 26.815434 24.460253
238.953068 227.521414 27.447342 24.151142
239.171487 227.052195 27.200964 25.394001
241.390587 226.912537 24.382759 25.176926
242.202545 225.425227 25.709366 25.809275
242.202545 225.425227 25.709366 25.809275
242.202545 225.425227 25.709366 25.809275
247.574640 215.980429 40.896244 34.438198
247.574640 215.980429 40.896244 34.438198
248.777945 209.083466 59.012600 41.638802
247.661098 211.263071 70.582199 42.013920
247.661098 211.263071 70.582199 42.013920
247.661098 211.263071 70.582199 42.013920
260.840958 203.365337 93.127937 47.064026
260.840958 203.365337 93.127937 47.064026
260.840958 203.365337 93.127937 47.064026
240.601101 208.531448 76.511658 43.157372
269.839027 199.445162 97.499641 47.029072
269.839027 199.445162 97.499641 47.029072
237.316227 204.748190 97.458527 47.566906
237.316227 204.748190 97.458527 47.566906
224.488117 206.617455 118.918915 47.558998
224.488117 206.617455 118.918915 47.558998
140.302464 218.007473 158.780014 70.751587
140.302464 218.007473 158.780014 70.751587
140.302464 218.007473 158.780014 70.751587
0.747334 230.097858 177.121872 64.281082
0.747334 230.097858 177.121872 64.281082
0.747334 230.097858 177.121872 64.281082
34.428165 226.825037 165.213211 56.462040
17.542477 239.216572 123.290863 84.914078
17.542477 239.216572 123.290863 84.914078
59.795315 210.914879 182.268341 52.838478
59.795315 210.914879 182.268341 52.838478
59.795315 210.914879 182.268341 52.838478
150.115875 217.787380 73.048637 46.970764
135.682835 232.186646 77.851974 46.860847
135.682835 232.186646 77.851974 46.860847
135.911068 222.608824 77.714142 50.641552
135.911068 222.608824 77.714142 50.641552
135.911068 222.608824 77.714142 50.641552
135.911068 222.608824 77.714142 50.641552
135.911068 222.608824 77.714142 50.641552
154.716352 225.050743 64.775539 47.260597
152.813074 227.443357 64.985340 43.939510
155.582478 231.487129 64.005203 42.747108
165.044842 218.729933 59.383072 48.419216
165.044842 218.729933 59.383072 48.419216
165.044842 218.729933 59.383072 48.419216
165.044842 218.729933 59.383072 48.419216
165.044842 218.729933 59.383072 48.419216
165.490097 212.558184 77.689003 37.977467
165.490097 212.558184 77.689003 37.977467
165.490097 212.558184 77.689003 37.977467
167.793793 212.099743 73.550301 38.850479
164.237267 205.788052 65.563591 39.834839
167.115105 211.699686 78.971184 37.604496
166.730732 207.493000 93.141022 38.732224
166.730732 207.493000 93.141022 38.732224
168.313236 211.633360 99.510605 39.068279
164.707047 210.268997 90.421013 39.128639
158.217525 211.223471 63.759598 36.537167
158.217525 211.223471 63.759598 36.537167
158.217525 211.223471 63.759598 36.537167
158.217525 211.223471 63.759598 36.537167
154.093222 210.555992 53.934109 37.425911
154.932690 212.317406 90.080505 47.180763
276.344780 218.945625 31.797981 27.007698
275.324471 221.195053 30.805481 24.575256
275.043376 221.812541 29.893808 24.461687
275.360026 220.643678 29.635660 24.305937
276.069727 221.545279 26.323475 23.975071
276.155161 223.068601 24.957806 23.616110
276.101279 223.433855 24.272020 23.539715
275.932375 224.167325 23.454967 23.314459
274.752823 224.901587 21.858162 23.107683
274.103581 225.675469 21.636450 23.328604
272.969528 225.980926 21.834396 22.986177
272.329691 228.968663 22.270809 23.199629
